352,60,595,71,593,129,349,118
;
625,65,673,65,673,96,625,96
;
679,85,748,80,751,115,681,120
;
1066,85,1211,89,1210,127,1065,124
;
856,97,1051,91,1053,137,857,143
;
599,96,636,96,636,118,599,118
749,96,839,96,839,124,749,124
1218,96,1267,96,1267,132,1218,132
;
425,146,551,134,556,183,430,194
;
320,169,428,134,443,181,334,215
574,141,752,141,752,203,574,203
;
822,152,953,152,953,183,822,183
;
743,155,825,155,825,206,743,206
1012,161,1233,161,1233,195,1012,195
;
336,217,407,217,407,257,336,257
412,226,506,226,506,251,412,251
;
1031,282,1145,303,1135,356,1021,335
;
328,285,469,285,469,378,328,378
;
995,294,1032,294,1032,330,995,330
;
1131,297,1265,316,1258,358,1125,338
;
415,299,463,299,463,342,415,342
825,305,916,305,916,333,825,333
;
468,323,610,319,611,369,469,373
;
1151,362,1233,362,1233,390,1151,390
;
904,585,1031,494,1079,562,952,652
;
626,501,813,505,811,606,623,601
;
789,503,848,503,848,559,789,559
;
820,514,972,514,972,596,820,596
;
1057,520,1230,520,1230,605,1057,605
;
1210,523,1255,523,1255,551,1210,551
;
984,619,1060,619,1060,681,984,681
;
1075,626,1254,631,1251,723,1073,718
;
599,1255,656,1255,656,1275,599,1275
;
432,1776,520,1776,520,1795,432,1795
;
