66,147,194,147,194,173,66,173
199,150,234,150,234,173,199,173
336,142,388,142,388,185,336,185
678,150,730,150,730,179,678,179
;
252,153,333,153,333,194,252,194
732,155,866,151,867,190,733,194
870,160,1031,153,1033,190,872,197
;
391,156,518,156,518,182,391,182
518,159,582,159,582,182,518,182
591,159,669,159,669,179,591,179
1034,162,1104,162,1104,182,1034,182
;
69,190,163,181,167,218,72,227
;
359,191,411,191,411,234,359,234
;
827,196,912,204,907,247,823,238
;
1023,199,1095,199,1095,228,1023,228
;
203,199,334,208,332,242,201,232
;
484,202,559,202,559,234,484,234
921,202,1011,202,1011,228,921,228
1098,202,1185,202,1185,226,1098,226
;
642,208,814,202,815,237,643,244
;
405,205,484,205,484,231,405,231
565,205,634,205,634,240,565,240
;
211,255,252,255,252,272,211,272
260,255,313,255,313,275,260,275
356,252,420,252,420,286,356,286
434,257,460,257,460,278,434,278
463,246,539,246,539,275,463,275
542,253,661,238,666,277,547,292
779,257,826,257,826,278,779,278
834,240,947,240,947,281,834,281
956,249,1026,249,1026,278,956,278
1023,246,1162,246,1162,289,1023,289
;
669,257,770,257,770,295,669,295
;
765,282,801,312,786,330,750,300
791,292,881,292,881,324,791,324
904,295,965,295,965,324,904,324
;
347,298,469,298,469,327,347,327
469,297,620,301,619,336,468,331
623,298,657,298,657,327,623,327
666,298,759,298,759,327,666,327
970,298,1165,298,1165,342,970,342
;
255,301,301,301,301,321,255,321
307,301,344,301,344,321,307,321
;
878,339,1008,339,1008,388,878,388
;
725,351,862,340,866,388,729,398
;
359,342,550,342,550,376,359,376
574,341,725,346,724,380,573,374
;
994,342,1165,342,1165,426,994,426
;
249,344,342,344,342,368,249,368
;
260,394,350,394,350,417,260,417
356,391,399,391,399,423,356,423
405,397,501,397,501,417,405,417
504,394,585,394,585,420,504,420
591,391,640,391,640,420,591,420
640,387,768,392,767,424,639,420
765,391,837,391,837,420,765,420
846,388,898,388,898,420,846,420
904,388,1014,388,1014,420,904,420
;
637,426,843,426,843,472,637,472
;
439,429,649,448,642,524,432,504
;
379,440,434,440,434,466,379,466
;
999,440,1162,440,1162,478,999,478
;
217,443,275,443,275,460,217,460
275,443,342,443,342,463,275,463
;
834,446,878,446,878,481,834,481
875,446,991,446,991,484,875,484
;
985,496,1148,468,1157,524,994,552
;
852,480,950,487,947,522,850,515
;
394,489,452,489,452,518,394,518
457,492,518,492,518,515,457,515
515,492,559,492,559,527,515,527
644,493,837,484,838,519,646,528
947,489,991,489,991,515,947,515
;
347,527,391,527,391,568,347,568
388,527,431,527,431,565,388,565
440,527,530,527,530,568,440,568
695,531,821,521,825,561,699,572
;
220,534,303,539,301,568,218,563
570,530,695,530,695,579,570,579
;
820,536,913,536,913,562,820,562
;
521,539,573,539,573,565,521,565
968,539,999,539,999,568,968,568
999,536,1165,536,1165,573,999,573
;
358,577,579,574,579,608,359,611
689,579,776,579,776,608,689,608
;
599,591,631,591,631,605,599,605
;
238,611,418,618,416,669,236,662
414,626,504,626,504,652,414,652
684,622,866,606,871,660,690,677
;
510,631,562,631,562,669,510,669
871,634,1008,629,1009,666,873,671
;
568,634,608,634,608,655,568,655
614,634,686,634,686,657,614,657
1017,637,1069,637,1069,660,1017,660
;
1063,637,1147,637,1147,675,1063,675
;
356,666,599,666,599,724,356,724
;
681,669,765,669,765,811,681,811
;
603,670,688,677,685,715,600,709
821,671,909,679,906,710,818,702
;
773,672,811,672,811,701,773,701
;
911,681,1074,672,1076,711,913,719
1078,672,1159,672,1159,721,1078,721
;
759,698,973,725,963,805,749,778
;
115,728,238,700,252,762,128,789
;
368,710,457,710,457,753,368,753
456,719,555,714,557,749,458,754
652,713,678,713,678,744,652,744
;
559,727,614,727,614,762,559,762
637,730,655,730,655,747,637,747
970,724,1138,720,1139,762,971,766
;
72,739,127,739,127,779,72,779
;
48,798,223,751,246,837,72,885
;
228,766,326,757,330,802,232,810
924,758,993,772,986,805,917,792
;
365,768,521,768,521,802,365,802
984,768,1161,763,1163,809,985,815
;
536,768,582,768,582,799,536,799
582,770,686,770,686,797,582,797
773,768,892,768,892,797,773,797
;
910,797,977,817,952,901,884,880
;
399,811,547,811,547,852,399,852
553,811,631,811,631,855,553,855
;
359,817,405,817,405,843,359,843
747,814,863,814,863,840,747,840
976,814,1040,814,1040,843,976,843
;
634,817,695,817,695,855,634,855
;
1043,820,1139,820,1139,840,1043,840
;
174,852,293,825,304,874,185,901
;
530,846,672,846,672,895,530,895
791,846,895,846,895,886,791,886
930,850,1107,854,1107,890,929,886
;
97,873,182,854,191,890,106,910
452,852,527,852,527,904,452,904
689,855,779,855,779,901,689,901
;
275,855,428,855,428,950,275,950
;
434,863,455,863,455,886,434,886
669,866,684,866,684,886,669,886
;
69,892,89,892,89,927,69,927
188,889,278,889,278,936,188,936
;
75,920,188,895,195,928,82,953
626,901,736,901,736,947,626,947
;
391,903,568,907,567,955,390,951
;
1046,903,1151,907,1150,940,1045,936
;
791,907,944,907,944,947,791,947
;
901,907,1086,907,1086,988,901,988
;
568,910,626,910,626,950,568,950
739,913,797,913,797,953,739,953
;
402,950,449,950,449,985,402,985
547,953,643,953,643,988,547,988
805,953,840,953,840,982,805,982
1084,941,1170,941,1170,999,1084,999
;
640,956,750,956,750,1002,640,1002
;
446,959,501,959,501,982,446,982
501,959,550,959,550,982,501,982
846,959,901,959,901,982,846,982
;
756,959,808,959,808,994,756,994
;
65,986,282,959,291,1028,73,1054
;
73,965,115,961,118,982,75,987
359,962,394,962,394,985,359,985
;
278,979,359,979,359,1034,278,1034
588,985,689,985,689,1026,588,1026
;
359,994,582,994,582,1046,359,1046
691,991,825,1003,821,1051,687,1040
817,997,930,997,930,1043,817,1043
;
933,997,1162,997,1162,1034,933,1034
;
344,1023,423,1023,423,1084,344,1084
957,1036,1062,1043,1060,1079,955,1072
;
536,1040,715,1040,715,1144,536,1144
;
182,1043,246,1043,246,1110,182,1110
;
643,1049,715,1049,715,1075,643,1075
721,1043,765,1043,765,1089,721,1089
759,1046,794,1046,794,1078,759,1078
802,1049,860,1049,860,1075,802,1075
892,1052,930,1052,930,1075,892,1075
936,1052,953,1052,953,1075,936,1075
1062,1049,1156,1044,1158,1082,1064,1088
;
79,1058,179,1052,181,1090,81,1096
857,1055,892,1055,892,1084,857,1084
;
469,1057,484,1057,484,1078,469,1078
;
212,1102,359,1071,370,1124,223,1155
850,1079,945,1095,937,1144,841,1128
;
957,1092,1165,1085,1169,1179,961,1186
;
168,1092,208,1092,208,1113,168,1113
359,1092,385,1092,385,1130,359,1130
384,1098,460,1094,461,1124,385,1128
466,1098,527,1098,527,1124,466,1124
730,1092,831,1092,831,1124,730,1124
936,1089,962,1089,962,1121,936,1121
1107,1089,1153,1089,1153,1124,1107,1124
;
69,1110,173,1110,173,1197,69,1197
;
160,1157,363,1126,370,1169,166,1200
;
895,1127,1096,1171,1076,1262,875,1219
;
649,1136,817,1136,817,1191,649,1191
;
542,1141,570,1141,570,1170,542,1170
814,1141,886,1141,886,1170,814,1170
;
360,1148,477,1142,481,1215,364,1221
;
486,1147,542,1147,542,1170,486,1170
;
570,1147,640,1147,640,1185,570,1185
;
729,1190,900,1166,909,1229,738,1253
;
1081,1179,1147,1179,1147,1220,1081,1220
;
522,1187,722,1197,720,1243,520,1233
;
397,1188,478,1188,478,1226,397,1226
489,1188,513,1188,513,1223,489,1223
;
622,1236,766,1223,770,1263,626,1276
;
568,1228,626,1228,626,1286,568,1286
;
203,1229,501,1273,489,1354,191,1310
;
358,1239,443,1235,444,1266,359,1270
510,1237,565,1237,565,1269,510,1269
;
443,1240,501,1240,501,1289,443,1289
;
72,1246,202,1246,202,1341,72,1341
;
980,1257,1142,1260,1141,1313,978,1309
;
690,1274,915,1264,917,1311,692,1321
930,1275,979,1275,979,1312,930,1312
;
626,1286,684,1286,684,1327,626,1327
;
515,1289,611,1289,611,1312,515,1312
;
182,1298,257,1298,257,1330,182,1330
;
985,1318,1049,1318,1049,1347,985,1347
;
917,1328,985,1323,987,1350,918,1355
1047,1325,1167,1319,1169,1360,1049,1366
;
669,1324,881,1324,881,1402,669,1402
;
124,1345,341,1324,345,1368,128,1388
;
559,1327,756,1327,756,1408,559,1408
;
440,1330,489,1330,489,1359,440,1359
884,1327,918,1327,918,1356,884,1356
;
492,1330,568,1330,568,1379,492,1379
;
359,1333,443,1333,443,1362,359,1362
;
894,1359,1077,1352,1079,1396,896,1404
;
66,1353,176,1353,176,1434,66,1434
;
837,1359,889,1359,889,1399,837,1399
1075,1365,1133,1365,1133,1391,1075,1391
;
820,1370,837,1370,837,1399,820,1399
;
362,1379,570,1379,570,1452,362,1452
;
1035,1405,1184,1417,1182,1452,1032,1439
;
397,1420,478,1420,478,1452,397,1452
640,1420,724,1420,724,1449,640,1449
742,1420,904,1420,904,1452,742,1452
907,1411,1037,1411,1037,1460,907,1460
;
568,1426,640,1426,640,1463,568,1463
;
564,1472,700,1451,709,1509,573,1529
;
951,1455,1004,1460,1002,1491,949,1486
1007,1458,1165,1454,1166,1496,1008,1500
;
356,1466,457,1466,457,1498,356,1498
469,1475,515,1475,515,1498,469,1498
515,1469,559,1469,559,1498,515,1498
710,1469,785,1469,785,1501,710,1501
785,1469,886,1469,886,1507,785,1507
886,1466,947,1466,947,1507,886,1507
;
338,1500,481,1516,475,1563,333,1547
;
637,1504,695,1504,695,1547,637,1547
913,1507,1098,1507,1098,1539,913,1539
;
744,1510,910,1510,910,1553,744,1553
;
1104,1510,1147,1510,1147,1539,1104,1539
;
562,1510,678,1510,678,1588,562,1588
;
689,1515,744,1515,744,1550,689,1550
;
481,1518,565,1518,565,1559,481,1559
;
207,1524,266,1520,267,1539,208,1542
;
674,1566,771,1543,782,1587,685,1610
;
872,1550,1049,1550,1049,1585,872,1585
;
215,1551,296,1565,290,1598,209,1584
292,1565,353,1565,353,1585,292,1585
350,1553,495,1553,495,1597,350,1597
773,1556,860,1556,860,1588,773,1588
1046,1553,1159,1553,1159,1594,1046,1594
;
515,1565,570,1565,570,1602,515,1602
;
474,1604,683,1601,684,1637,475,1640
686,1608,707,1608,707,1634,686,1634
704,1605,776,1605,776,1634,704,1634
;
362,1614,397,1614,397,1637,362,1637
397,1608,466,1608,466,1652,397,1652
;
