5473,26,5853,26,5853,301,5473,301
;
6037,52,6208,52,6208,144,6037,144
;
2848,91,3215,91,3215,315,2848,315
;
3271,118,3785,134,3779,330,3265,314
4659,131,4948,131,4948,301,4659,301
;
1811,170,2034,170,2034,315,1811,315
2191,183,2598,183,2598,301,2191,301
;
2008,196,2572,196,2572,603,2008,603
;
4003,196,4357,196,4357,341,4003,341
4344,210,4449,210,4449,315,4344,315
;
4974,210,5748,210,5748,564,4974,564
;
3806,236,3976,236,3976,446,3806,446
;
2782,380,2940,380,2940,564,2782,564
3556,367,3858,367,3858,577,3556,577
;
2611,406,2756,406,2756,577,2611,577
;
1798,433,1955,433,1955,577,1798,577
2994,433,3429,456,3423,586,2987,563
;
4305,446,4620,446,4620,551,4305,551
;
4318,459,4803,459,4803,840,4318,840
;
5176,538,5549,669,5438,984,5066,854
;
3976,590,4252,590,4252,1023,3976,1023
;
3753,656,3976,656,3976,840,3753,840
;
4605,708,5187,687,5202,1111,4620,1132
;
2152,708,2506,708,2506,853,2152,853
2802,730,3133,711,3141,851,2810,869
3202,708,3714,708,3714,853,3202,853
;
1798,735,2060,735,2060,866,1798,866
2493,748,2835,748,2835,866,2493,866
;
4068,800,4606,800,4606,1128,4068,1128
;
3322,1207,3773,856,3957,1092,3505,1443
;
2611,971,3346,971,3346,1456,2611,1456
;
2031,1024,2353,981,2375,1148,2054,1190
;
3726,1667,4604,992,4931,1416,4052,2092
;
3373,1010,3583,1010,3583,1155,3373,1155
;
3268,1207,3517,1207,3517,1443,3268,1443
;
2152,1246,2336,1246,2336,1430,2152,1430
;
4869,1260,5053,1260,5053,1351,4869,1351
;
3307,1299,4055,1299,4055,2047,3307,2047
;
2373,1325,2479,1343,2415,1732,2308,1714
;
2257,1483,2349,1483,2349,1706,2257,1706
3058,1496,3241,1496,3241,1693,3058,1693
;
4895,1496,5158,1496,5158,1640,4895,1640
;
2456,1542,2948,1577,2937,1723,2446,1688
;
1798,1575,2480,1575,2480,2113,1798,2113
;
3281,1588,3491,1588,3491,1693,3281,1693
;
2493,1837,2703,1837,2703,2008,2493,2008
2730,1837,3045,1837,3045,2008,2730,2008
3018,1811,3320,1811,3320,2047,3018,2047
;
4908,2047,5066,2047,5066,2205,4908,2205
;
4147,2141,4803,2093,4833,2504,4178,2553
;
5079,2100,5276,2100,5276,2191,5079,2191
;
2638,2113,3123,2113,3123,2480,2638,2480
;
1824,2126,2336,2126,2336,2349,1824,2349
;
2415,2126,2598,2126,2598,2283,2415,2283
;
4029,2126,4252,2126,4252,2257,4029,2257
;
3399,2165,3780,2165,3780,2296,3399,2296
;
4633,2323,4856,2323,4856,2493,4633,2493
4843,2323,5079,2323,5079,2493,4843,2493
;
1850,2362,2191,2362,2191,2625,1850,2625
3285,2403,3907,2376,3916,2595,3295,2622
;
3950,2388,4134,2388,4134,2546,3950,2546
;
2231,2388,2506,2388,2506,2625,2231,2625
;
2546,2441,3031,2441,3031,2611,2546,2611
;
3110,2480,3320,2480,3320,2730,3110,2730
;
4195,2693,5146,2665,5163,3228,4211,3256
;
3793,2703,3976,2703,3976,2861,3793,2861
;
2598,2743,2900,2743,2900,2940,2598,2940
;
3386,2743,3675,2743,3675,2887,3386,2887
;
2947,2770,3398,2748,3405,2887,2954,2910
;
1850,2782,2086,2782,2086,2940,1850,2940
2047,2769,2375,2769,2375,2940,2047,2940
;
2953,2958,3608,2906,3627,3149,2972,3200
;
1816,3063,2356,3031,2366,3200,1826,3232
;
3720,3137,4392,3041,4429,3302,3757,3398
;
1904,4003,2690,4089,2668,4296,1881,4211
;
2730,4068,3202,4068,3202,4278,2730,4278
;
1850,4344,2782,4344,2782,4620,1850,4620
;
2769,4462,3018,4462,3018,4554,2769,4554
;
2086,5000,2753,4945,2768,5122,2101,5177
;
1798,4974,2113,4974,2113,5184,1798,5184
;
2506,5407,2887,5407,2887,5670,2506,5670
2874,5420,3360,5420,3360,5643,2874,5643
;
2008,5460,2349,5460,2349,5670,2008,5670
;
