446,420,1050,420,1050,984,446,984
;
1269,758,2036,811,2018,1070,1251,1017
;
3661,813,3911,813,3911,1076,3661,1076
;
4708,914,5155,824,5201,1054,4754,1143
;
5210,840,5971,840,5971,1023,5210,1023
;
2454,853,2861,853,2861,1128,2454,1128
;
2021,879,2441,879,2441,1128,2021,1128
;
3994,930,4683,889,4693,1054,4004,1095
;
2874,892,3202,892,3202,1168,2874,1168
;
3189,918,3596,918,3596,1076,3189,1076
;
866,1138,1642,1014,1682,1268,907,1391
;
5224,1115,6132,1134,6128,1343,5220,1325
;
1722,1130,2499,1159,2493,1314,1716,1285
;
4895,1141,5210,1141,5210,1325,4895,1325
;
2533,1168,2782,1168,2782,1312,2533,1312
;
3766,1168,3911,1168,3911,1325,3766,1325
;
4213,1168,4843,1168,4843,1430,4213,1430
;
2786,1222,3225,1189,3241,1401,2802,1434
;
3277,1234,3726,1216,3732,1359,3282,1377
;
3963,1220,4213,1220,4213,1338,3963,1338
;
1693,1351,1850,1351,1850,1548,1693,1548
;
3241,1378,3661,1378,3661,1706,3241,1706
;
899,1383,1313,1435,1293,1597,879,1545
;
1854,1418,2554,1465,2544,1607,1844,1559
;
2992,1430,3255,1430,3255,1627,2992,1627
3688,1430,4003,1430,4003,1627,3688,1627
;
1378,1443,1509,1443,1509,1640,1378,1640
2572,1494,2989,1442,3007,1592,2591,1644
;
1509,1443,1640,1443,1640,1575,1509,1575
;
4554,1456,5066,1456,5066,1719,4554,1719
;
5079,1470,5236,1470,5236,1627,5079,1627
;
5236,1470,5827,1470,5827,1706,5236,1706
;
4318,1496,4541,1496,4541,1666,4318,1666
;
4016,1509,4370,1509,4370,1627,4016,1627
;
1050,1588,1220,1588,1220,1837,1050,1837
;
2244,1640,2546,1640,2546,1863,2244,1863
;
1771,1653,2283,1653,2283,1863,1771,1863
;
3491,1680,3885,1680,3885,1903,3491,1903
;
2638,1693,3071,1693,3071,1903,2638,1903
;
1207,1706,1719,1706,1719,1837,1207,1837
;
5349,1761,6009,1727,6016,1860,5355,1893
;
4134,1732,4370,1732,4370,1916,4134,1916
;
4357,1758,4908,1758,4908,1916,4357,1916
;
4890,1788,5367,1764,5373,1898,4897,1922
;
3136,1785,3425,1785,3425,1890,3136,1890
4042,1771,4147,1771,4147,1903,4042,1903
;
3439,2016,3895,1858,3985,2118,3529,2276
;
1576,1917,2370,1957,2360,2162,1566,2122
;
1220,1981,1548,1981,1548,2113,1220,2113
3911,1942,4213,1942,4213,2152,3911,2152
;
3281,1981,3478,1981,3478,2139,3281,2139
;
5355,1981,5827,1981,5827,2178,5355,2178
;
866,1995,1181,1995,1181,2231,866,2231
;
4213,1995,4711,1995,4711,2205,4213,2205
;
2396,2018,2858,1997,2864,2125,2402,2146
;
2880,2021,3162,2004,3171,2138,2888,2156
;
4704,2051,5195,2017,5204,2151,4714,2184
;
4005,2548,4945,2163,5084,2500,4144,2886
;
1882,2197,2500,2227,2489,2444,1871,2414
;
873,2290,1527,2199,1560,2434,906,2525
;
1614,2205,1850,2205,1850,2415,1614,2415
;
5171,2231,5630,2231,5630,2428,5171,2428
;
3997,2234,4338,2328,4278,2544,3937,2450
;
4298,2281,4618,2263,4625,2400,4305,2418
5643,2244,6129,2244,6129,2428,5643,2428
;
2506,2283,2913,2283,2913,2401,2506,2401
;
3281,2296,3885,2296,3885,2533,3281,2533
;
2232,2338,3090,2306,3103,2663,2245,2694
;
4987,2310,5079,2310,5079,2401,4987,2401
;
900,2429,1405,2539,1342,2826,837,2716
;
4711,2454,4908,2454,4908,2677,4711,2677
;
1400,2569,2164,2460,2197,2689,1432,2799
;
5906,2480,6195,2480,6195,2664,5906,2664
;
3360,2493,3570,2493,3570,2677,3360,2677
;
3058,2520,3268,2520,3268,2664,3058,2664
;
3609,2533,3976,2533,3976,2690,3609,2690
;
4948,2533,5853,2533,5853,2677,4948,2677
;
4873,2800,5806,2704,5830,2936,4897,3033
;
4137,2812,4835,2742,4855,2949,4158,3019
;
5880,2756,6116,2756,6116,2926,5880,2926
;
1058,2813,1796,2790,1801,2949,1063,2972
;
2835,2795,3281,2795,3281,2926,2835,2926
;
2493,2808,2848,2808,2848,2992,2493,2992
;
3320,2808,4055,2808,4055,2940,3320,2940
;
1837,2835,2191,2835,2191,3018,1837,3018
;
892,2848,1050,2848,1050,2979,892,2979
;
2270,2940,3320,2940,3320,3241,2270,3241
3412,2966,3635,2966,3635,3215,3412,3215
;
5460,3108,6044,2981,6096,3222,5512,3350
;
3596,3005,4016,3005,4016,3228,3596,3228
;
879,3031,1653,3031,1653,3268,879,3268
;
5084,3067,5405,3048,5414,3201,5093,3220
;
4318,3084,4515,3084,4515,3215,4318,3215
;
4515,3084,4843,3084,4843,3202,4515,3202
;
1626,3129,2176,3090,2192,3316,1643,3356
;
4055,3097,4318,3097,4318,3268,4055,3268
;
4869,3097,5092,3097,5092,3228,4869,3228
;
5814,3281,6090,3281,6090,3491,5814,3491
;
4370,3320,4948,3320,4948,3543,4370,3543
;
4016,3346,4344,3346,4344,3556,4016,3556
;
5026,3346,5709,3346,5709,3504,5026,3504
;
3390,3432,3955,3351,3978,3513,3414,3594
;
5735,3360,5814,3360,5814,3478,5735,3478
;
826,3373,1194,3373,1194,3583,826,3583
;
2126,3373,2257,3373,2257,3543,2126,3543
;
2664,3373,2926,3373,2926,3570,2664,3570
;
2218,3386,2467,3386,2467,3543,2218,3543
2882,3405,3333,3388,3338,3529,2887,3547
;
1837,3412,2152,3412,2152,3661,1837,3661
;
1325,3425,1837,3425,1837,3635,1325,3635
;
3333,3438,3399,3438,3399,3530,3333,3530
;
4672,3583,5394,3583,5394,3819,4672,3819
;
5527,3661,5913,3624,5926,3762,5540,3799
;
4076,3682,4590,3650,4599,3797,4085,3829
;
3583,3661,4121,3661,4121,3845,3583,3845
;
5407,3675,5538,3675,5538,3845,5407,3845
;
2441,3688,2900,3688,2900,3858,2441,3858
;
3255,3688,3543,3688,3543,3832,3255,3832
;
1955,3701,2139,3701,2139,3858,1955,3858
;
3097,3701,3241,3701,3241,3845,3097,3845
;
840,3727,1246,3727,1246,3871,840,3871
;
2126,3727,2467,3727,2467,3937,2126,3937
;
1666,3740,1942,3740,1942,3858,1666,3858
;
1312,3753,1522,3753,1522,3911,1312,3911
;
3355,3923,3862,3886,3880,4131,3373,4169
;
905,3952,1323,3902,1353,4154,935,4203
5209,3993,5883,3889,5917,4111,5243,4215
;
4331,3911,4725,3911,4725,4134,4331,4134
;
1391,3911,1968,3911,1968,4226,1391,4226
;
2992,3911,3346,3911,3346,4200,2992,4200
;
2542,3958,3030,3917,3048,4140,2561,4181
;
3871,3937,4291,3937,4291,4134,3871,4134
;
4777,3976,5250,3976,5250,4108,4777,4108
;
1955,4029,2428,4029,2428,4160,1955,4160
;
2493,4055,2572,4055,2572,4160,2493,4160
;
695,4068,918,4068,918,4305,695,4305
;
5269,4222,5977,4157,5997,4380,5290,4444
;
2349,4239,2611,4239,2611,4423,2349,4423
;
2651,4239,3228,4239,3228,4462,2651,4462
;
3819,4252,3990,4252,3990,4501,3819,4501
4386,4308,4985,4256,5002,4445,4403,4497
;
3990,4265,4213,4265,4213,4423,3990,4423
5053,4265,5289,4265,5289,4423,5053,4423
;
822,4289,1691,4266,1695,4427,827,4451
;
3281,4291,3858,4291,3858,4449,3281,4449
;
1850,4318,2178,4318,2178,4436,1850,4436
2191,4331,2323,4331,2323,4423,2191,4423
;
1619,4595,2065,4427,2141,4630,1695,4797
;
4759,4599,5435,4460,5476,4658,4800,4797
;
2008,4475,2401,4475,2401,4711,2008,4711
5664,4537,6087,4515,6094,4640,5670,4662
;
4018,4536,4793,4569,4787,4719,4012,4685
;
1325,4554,1535,4554,1535,4711,1325,4711
;
2795,4554,3570,4554,3570,4725,2795,4725
;
840,4567,1233,4567,1233,4777,840,4777
;
2401,4567,2572,4567,2572,4764,2401,4764
;
3793,4580,4042,4580,4042,4711,3793,4711
;
1618,4795,2120,4771,2130,4972,1628,4996
5264,4805,5772,4771,5785,4958,5277,4992
;
5788,4777,6129,4777,6129,4974,5788,4974
;
4436,4790,4843,4790,4843,4987,4436,4987
;
3360,4816,3753,4816,3753,4974,3360,4974
;
4869,4816,5250,4816,5250,5000,4869,5000
;
813,4830,1102,4830,1102,5000,813,5000
1351,4830,1614,4830,1614,5000,1351,5000
;
2598,4830,2913,4830,2913,4974,2598,4974
3753,4830,4344,4830,4344,4974,3753,4974
;
1102,4856,1233,4856,1233,4961,1102,4961
2257,4843,2559,4843,2559,4974,2257,4974
3084,4843,3307,4843,3307,4974,3084,4974
;
2966,4856,3084,4856,3084,4974,2966,4974
;
4357,4869,4423,4869,4423,4974,4357,4974
5223,4869,5302,4869,5302,4974,5223,4974
;
4068,5034,4395,5007,4412,5220,4086,5247
;
2632,5016,3095,5047,3079,5279,2617,5248
;
4463,5021,5044,5137,4997,5372,4416,5256
;
3097,5026,3465,5026,3465,5263,3097,5263
;
3481,5092,4105,5060,4115,5248,3491,5280
;
5066,5066,5840,5066,5840,5236,5066,5236
;
5880,5092,6103,5092,6103,5223,5880,5223
;
1837,5105,2178,5105,2178,5263,1837,5263
2198,5134,2545,5113,2552,5239,2206,5261
;
1273,5118,1785,5118,1785,5289,1273,5289
;
748,5158,1260,5158,1260,5355,748,5355
;
5072,5357,5959,5278,5979,5508,5093,5587
;
3150,5355,3307,5355,3307,5525,3150,5525
;
3360,5398,3772,5357,3788,5523,3377,5564
;
4376,5404,5102,5362,5111,5500,4384,5543
;
2447,5584,2638,5394,2743,5499,2552,5689
;
2165,5407,2520,5407,2520,5578,2165,5578
;
2690,5420,3176,5420,3176,5630,2690,5630
;
3819,5420,4370,5420,4370,5578,3819,5578
;
1372,5443,1848,5426,1854,5590,1378,5607
;
866,5446,1338,5446,1338,5604,866,5604
;
1863,5473,2165,5473,2165,5696,1863,5696
;
748,5630,1273,5630,1273,5945,748,5945
;
5015,5696,5563,5644,5578,5797,5030,5849
;
3242,5729,4075,5665,4093,5904,3260,5968
;
4278,5696,4501,5696,4501,5840,4278,5840
4488,5696,4948,5696,4948,5840,4488,5840
;
4108,5709,4291,5709,4291,5853,4108,5853
;
2533,5735,3071,5735,3071,5919,2533,5919
;
1365,5761,1561,5761,1561,5932,1365,5932
;
3097,5761,3281,5761,3281,5958,3097,5958
;
1585,5788,2493,5771,2495,5903,1588,5920
;
4449,5932,4803,5932,4803,6181,4449,6181
;
3583,5958,3845,5958,3845,6181,3583,6181
;
811,5968,1362,6050,1323,6311,772,6230
;
4754,6035,5283,5986,5297,6139,4768,6188
;
3898,5998,4423,5998,4423,6234,3898,6234
;
2826,6092,3552,6036,3565,6197,2838,6253
;
2152,6090,2769,6090,2769,6221,2152,6221
;
1365,6103,2073,6103,2073,6234,1365,6234
;
761,6286,1115,6286,1115,6536,761,6536
;
1134,6342,1728,6319,1737,6535,1142,6558
;
2851,6405,3461,6358,3472,6508,2862,6555
;
4600,6406,5233,6361,5241,6470,4608,6515
;
1767,6405,2531,6377,2536,6517,1772,6545
;
3491,6378,3701,6378,3701,6496,3491,6496
3714,6378,4252,6378,4252,6496,3714,6496
;
2506,6405,2808,6405,2808,6510,2506,6510
4357,6391,4580,6391,4580,6523,4357,6523
;
2849,6738,3334,6552,3442,6832,2957,7019
;
1551,6630,2225,6599,2236,6836,1562,6868
;
656,6601,1063,6601,1063,6969,656,6969
;
2251,6626,2858,6609,2864,6837,2258,6854
3965,6643,4545,6661,4540,6816,3960,6798
;
4728,6668,5114,6644,5126,6837,4740,6861
;
1128,6680,1535,6680,1535,6864,1128,6864
;
3446,6711,3897,6688,3903,6819,3452,6842
5171,6680,5368,6680,5368,6851,5171,6851
;
4593,6693,4711,6693,4711,6825,4593,6825
;
5381,6733,5801,6733,5801,6877,5381,6877
;
3373,6903,4095,6903,4095,7140,3373,7140
;
1156,7053,2158,6953,2180,7166,1178,7266
;
737,6985,1167,6962,1178,7175,748,7198
;
4246,6989,4618,6971,4624,7112,4253,7130
;
2128,7028,2637,6996,2648,7178,2139,7210
;
2651,7021,3045,7021,3045,7140,2651,7140
;
1232,7437,1726,7406,1741,7655,1248,7686
;
4685,7612,5053,7612,5053,7783,4685,7783
;
5105,7678,5355,7678,5355,7783,5105,7783
;
5459,8001,5901,7973,5919,8251,5477,8279
;
4488,8032,5512,8032,5512,8334,4488,8334
;
