825,73,949,64,953,124,829,132
1014,70,1146,55,1152,106,1020,121
;
1107,98,1165,98,1165,130,1107,130
;
119,162,176,155,179,179,123,187
290,156,422,149,424,184,292,192
426,153,570,153,570,191,426,191
585,150,626,150,626,182,585,182
626,150,675,150,675,179,626,179
675,153,797,153,797,191,675,191
808,145,1064,150,1063,202,807,196
;
262,200,416,195,418,231,264,237
423,204,568,186,573,228,428,246
778,197,918,194,919,231,779,235
;
918,197,1060,197,1060,284,918,284
;
153,211,214,211,214,231,153,231
570,202,605,202,605,228,570,228
608,202,779,202,779,240,608,240
;
18,223,163,231,161,265,16,257
;
183,240,253,245,251,279,181,275
249,240,330,240,330,275,249,275
339,246,397,246,397,275,339,275
399,249,460,249,460,284,399,284
463,246,565,246,565,286,463,286
568,243,608,243,608,272,568,272
607,246,799,235,801,273,609,284
802,237,855,237,855,272,802,272
857,249,933,249,933,278,857,278
;
23,276,92,270,95,311,26,317
147,284,246,284,246,333,147,333
477,290,704,286,704,323,478,327
843,281,959,281,959,327,843,327
;
264,287,418,295,415,346,261,337
715,289,843,289,843,333,715,333
;
428,295,481,295,481,333,428,333
962,289,1078,289,1078,318,962,318
;
124,344,208,344,208,368,124,368
217,347,252,347,252,368,217,368
269,339,324,339,324,371,269,371
336,339,434,339,434,368,336,368
440,336,550,336,550,368,440,368
550,332,632,343,626,390,544,379
640,339,701,339,701,379,640,379
704,342,820,347,819,373,703,367
823,339,884,339,884,368,823,368
886,336,999,336,999,376,886,376
;
173,382,333,382,333,426,173,426
333,388,368,388,368,417,333,417
373,391,437,391,437,414,373,414
434,388,472,388,472,414,434,414
686,382,788,382,788,426,686,426
791,376,846,376,846,420,791,420
840,388,875,388,875,411,840,411
886,388,941,388,941,423,886,423
937,379,1054,358,1063,411,947,432
;
486,391,579,391,579,426,486,426
576,394,675,394,675,426,576,426
;
259,440,399,436,401,482,260,487
402,418,522,444,513,488,393,462
524,440,570,440,570,466,524,466
570,442,677,432,681,470,574,479
684,431,713,431,713,466,684,466
713,431,814,431,814,463,713,463
826,440,881,440,881,475,826,475
886,440,956,440,956,463,886,463
956,437,1049,437,1049,475,956,475
;
66,449,118,449,118,486,66,486
;
36,478,254,474,255,518,37,522
272,484,336,484,336,521,272,521
342,475,504,475,504,513,342,513
510,481,556,481,556,510,510,510
559,481,611,481,611,510,559,510
614,469,756,469,756,507,614,507
772,473,888,482,885,526,768,517
898,478,941,478,941,507,898,507
973,484,991,484,991,504,973,504
994,475,1052,475,1052,504,994,504
;
44,528,188,520,190,570,46,578
968,515,1078,515,1078,599,968,599
;
266,530,371,530,371,570,266,570
382,524,437,524,437,559,382,559
440,527,521,527,521,565,440,565
533,524,718,524,718,559,533,559
724,524,770,524,770,559,724,559
794,524,947,524,947,568,794,568
953,524,979,524,979,553,953,553
;
869,568,915,568,915,599,869,599
;
269,570,353,570,353,631,269,631
359,570,457,570,457,626,359,626
452,570,628,570,628,620,452,620
637,579,713,579,713,602,637,602
726,581,866,574,867,599,727,606
;
152,642,225,636,227,654,153,660
266,623,330,623,330,649,266,649
336,617,405,617,405,649,336,649
405,620,469,620,469,646,405,646
486,626,542,626,542,649,486,649
544,623,599,623,599,649,544,649
602,617,747,617,747,649,602,649
747,623,834,623,834,657,747,657
834,623,869,623,869,649,834,649
872,623,924,623,924,646,872,646
930,623,1020,623,1020,643,930,643
1020,626,1063,626,1063,643,1020,643
;
257,669,301,669,301,695,257,695
304,663,452,663,452,701,304,701
460,669,513,669,513,701,460,701
510,663,585,663,585,695,510,695
597,672,695,672,695,692,597,692
704,660,776,660,776,698,704,698
770,663,907,663,907,707,770,707
923,661,1045,657,1046,689,924,693
;
112,732,214,727,215,744,113,749
272,715,362,715,362,750,272,750
368,721,408,721,408,742,368,742
408,715,539,715,539,756,408,756
550,707,594,707,594,744,550,744
594,707,649,707,649,742,594,742
646,713,715,713,715,739,646,739
743,716,917,704,920,740,745,751
913,713,953,713,953,736,913,736
956,710,1031,710,1031,736,956,736
;
272,758,369,763,367,792,271,787
373,756,417,756,417,785,373,785
423,762,457,762,457,788,423,788
465,747,587,758,584,797,461,787
628,756,666,756,666,788,628,788
666,756,753,756,753,794,666,794
753,759,808,759,808,799,753,799
808,759,852,759,852,785,808,785
855,753,913,753,913,785,855,785
913,750,1020,750,1020,797,913,797
;
124,817,185,817,185,840,124,840
197,820,246,820,246,840,197,840
267,807,335,801,338,828,269,834
336,805,373,805,373,831,336,831
385,802,455,802,455,852,385,852
457,805,576,805,576,843,457,843
588,802,626,802,626,831,588,831
631,791,759,791,759,843,631,843
751,809,886,800,888,838,753,847
895,794,930,794,930,828,895,828
933,808,991,808,991,831,933,831
;
159,866,249,866,249,884,159,884
269,855,333,855,333,881,269,881
344,846,434,846,434,875,344,875
445,835,541,856,531,901,436,880
544,855,614,855,614,878,544,878
617,846,695,846,695,878,617,878
697,841,828,851,825,890,694,880
831,846,970,846,970,895,831,895
970,846,1069,846,1069,886,970,886
;
278,901,344,901,344,924,278,924
353,904,394,904,394,924,353,924
394,901,495,901,495,936,394,936
507,898,597,898,597,941,507,941
594,898,736,898,736,947,594,947
735,905,834,901,835,930,736,933
834,892,875,892,875,924,834,924
872,901,933,901,933,924,872,924
939,901,1008,901,1008,930,939,930
1008,895,1081,895,1081,941,1008,941
;
115,961,240,955,241,976,116,982
263,941,347,941,347,994,263,994
346,943,448,939,450,982,347,986
446,950,547,950,547,991,446,991
550,944,631,944,631,976,550,976
637,950,701,950,701,991,637,991
708,954,843,943,846,986,711,996
852,956,898,956,898,976,852,976
898,953,930,953,930,976,898,976
930,953,965,953,965,976,930,976
985,950,1069,950,1069,985,985,985
;
119,993,247,1000,245,1025,118,1018
272,985,391,985,391,1031,272,1031
394,985,492,985,492,1023,394,1023
495,991,530,991,530,1020,495,1020
533,988,653,995,651,1026,532,1020
649,997,689,997,689,1023,649,1023
684,991,753,991,753,1034,684,1034
765,988,878,988,878,1031,765,1031
884,988,921,988,921,1020,884,1020
921,988,985,988,985,1028,921,1028
979,991,1081,991,1081,1023,979,1023
;
556,1034,660,1034,660,1069,556,1069
713,1034,759,1034,759,1072,713,1072
;
849,1034,1026,1034,1026,1188,849,1188
;
98,1046,136,1046,136,1066,98,1066
136,1046,179,1046,179,1063,136,1063
272,1043,399,1043,399,1084,272,1084
411,1043,524,1043,524,1081,411,1081
521,1040,559,1040,559,1075,521,1075
660,1040,707,1040,707,1069,660,1069
762,1045,864,1048,863,1072,761,1069
979,1043,1060,1043,1060,1069,979,1069
;
275,1089,298,1089,298,1115,275,1115
298,1078,399,1078,399,1115,298,1115
403,1088,514,1092,512,1125,401,1120
515,1089,562,1089,562,1124,515,1124
570,1089,623,1089,623,1121,570,1121
646,1078,826,1078,826,1115,646,1115
831,1089,860,1089,860,1115,831,1115
1023,1075,1078,1075,1078,1113,1023,1113
;
202,1144,269,1144,269,1165,202,1165
272,1127,333,1127,333,1162,272,1162
338,1130,483,1127,484,1159,339,1162
481,1136,536,1136,536,1162,481,1162
536,1130,617,1130,617,1179,536,1179
617,1127,762,1127,762,1176,617,1176
753,1129,861,1133,859,1187,751,1183
979,1139,1060,1139,1060,1176,979,1176
;
92,1194,168,1194,168,1214,92,1214
168,1191,240,1191,240,1211,168,1211
240,1194,269,1194,269,1211,240,1211
272,1176,344,1176,344,1205,272,1205
350,1176,463,1176,463,1217,350,1217
655,1199,692,1199,692,1214,655,1214
742,1189,818,1197,816,1219,740,1211
;
173,1206,304,1222,298,1266,167,1251
304,1217,414,1217,414,1249,304,1249
423,1228,478,1228,478,1266,423,1266
487,1203,642,1217,637,1273,482,1259
631,1223,660,1223,660,1260,631,1260
672,1219,931,1226,929,1270,671,1263
941,1228,1011,1228,1011,1255,941,1255
;
95,1281,159,1281,159,1298,95,1298
199,1266,255,1266,255,1298,199,1298
275,1260,339,1260,339,1295,275,1295
345,1258,468,1267,465,1319,342,1311
475,1275,513,1275,513,1295,475,1295
520,1275,648,1268,650,1301,521,1308
655,1269,698,1269,698,1301,655,1301
704,1275,759,1275,759,1301,704,1301
766,1260,920,1272,917,1311,763,1299
929,1266,1071,1261,1073,1305,930,1310
;
687,1328,775,1306,787,1357,700,1379
;
96,1307,236,1320,233,1353,93,1340
;
608,1307,692,1307,692,1405,608,1405
;
237,1324,269,1324,269,1344,237,1344
316,1311,378,1316,376,1347,313,1341
379,1312,508,1316,506,1351,378,1347
521,1315,602,1315,602,1362,521,1362
776,1324,886,1324,886,1353,776,1353
884,1327,988,1327,988,1362,884,1362
992,1327,1071,1323,1074,1358,994,1363
;
113,1354,225,1362,222,1398,111,1390
228,1368,272,1368,272,1394,228,1394
275,1359,388,1359,388,1402,275,1402
382,1356,553,1356,553,1408,382,1408
547,1370,611,1370,611,1405,547,1405
672,1356,788,1356,788,1399,672,1399
802,1368,840,1368,840,1397,802,1397
849,1370,913,1370,913,1417,849,1417
907,1374,1019,1366,1022,1404,910,1412
1020,1365,1086,1365,1086,1397,1020,1397
;
112,1412,266,1407,267,1441,113,1446
272,1405,365,1405,365,1434,272,1434
381,1414,454,1410,457,1445,383,1450
463,1411,524,1411,524,1440,463,1440
530,1410,733,1414,733,1444,529,1440
738,1420,877,1415,879,1455,739,1460
886,1417,915,1417,915,1457,886,1457
916,1410,1085,1419,1083,1449,914,1440
;
110,1460,211,1460,211,1484,110,1484
217,1452,246,1452,246,1481,217,1481
269,1449,359,1449,359,1478,269,1478
362,1443,434,1443,434,1478,362,1478
437,1457,495,1457,495,1495,437,1495
504,1452,646,1452,646,1495,504,1495
652,1455,689,1455,689,1486,652,1486
686,1452,736,1452,736,1486,686,1486
742,1457,953,1457,953,1489,742,1489
956,1460,1066,1460,1066,1492,956,1492
;
274,1485,394,1505,386,1555,266,1535
397,1492,431,1492,431,1544,397,1544
437,1498,623,1498,623,1536,437,1536
753,1515,794,1515,794,1533,753,1533
;
175,1518,311,1549,298,1604,162,1574
318,1547,391,1547,391,1573,318,1573
381,1551,474,1542,478,1579,385,1589
489,1550,547,1550,547,1588,489,1588
542,1543,667,1548,666,1587,541,1582
675,1553,753,1553,753,1579,675,1579
765,1544,852,1544,852,1599,765,1599
933,1550,1081,1550,1081,1585,933,1585
;
846,1556,927,1556,927,1591,846,1591
;
542,1588,604,1583,607,1619,545,1624
;
921,1583,1060,1596,1055,1652,916,1640
;
149,1591,216,1597,214,1627,146,1621
217,1599,260,1599,260,1628,217,1628
272,1591,394,1591,394,1637,272,1637
402,1591,539,1591,539,1631,402,1631
614,1599,666,1599,666,1634,614,1634
708,1600,808,1595,810,1637,711,1642
805,1588,846,1588,846,1623,805,1623
843,1597,924,1597,924,1626,843,1626
;
