329,56,478,61,476,119,327,115
;
110,95,232,80,238,129,116,144
;
55,159,325,140,328,178,58,197
349,158,398,158,398,190,349,190
404,147,433,147,433,182,404,182
430,153,499,153,499,190,430,190
517,150,574,150,574,184,517,184
577,156,655,156,655,182,577,182
661,147,707,147,707,184,661,184
707,147,748,147,748,187,707,187
782,141,878,141,878,184,782,184
886,150,953,150,953,187,886,187
946,148,1088,143,1090,193,948,198
1094,150,1144,150,1144,182,1094,182
;
130,205,204,200,206,229,133,235
202,205,231,205,231,228,202,228
234,210,300,210,300,231,234,231
346,199,473,199,473,234,346,234
476,199,508,199,508,228,476,228
511,205,566,205,566,239,511,239
566,199,693,199,693,242,566,242
704,202,875,197,876,236,705,241
884,202,996,202,996,231,884,231
1017,192,1145,196,1143,234,1016,231
;
228,245,309,245,309,277,228,277
421,245,482,245,482,277,421,277
482,248,520,248,520,277,482,277
534,248,655,248,655,280,534,280
673,248,765,248,765,280,673,280
777,245,820,245,820,277,777,277
826,245,878,245,878,274,826,274
1033,246,1143,242,1144,274,1034,278
;
358,260,421,260,421,280,358,280
881,254,936,254,936,288,881,288
941,257,1031,257,1031,277,941,277
;
447,291,612,291,612,326,447,326
687,291,777,291,777,323,687,323
1086,286,1152,286,1152,326,1086,326
;
352,305,437,296,441,327,355,336
780,291,872,291,872,338,780,338
866,300,950,300,950,326,866,326
953,303,985,303,985,323,953,323
985,294,1083,294,1083,326,985,326
;
618,306,673,306,673,338,618,338
;
199,346,314,346,314,372,199,372
387,335,444,335,444,375,387,375
451,342,506,347,504,377,448,372
499,346,569,346,569,375,499,375
577,349,629,349,629,384,577,384
636,344,715,350,712,381,633,374
716,346,754,346,754,372,716,372
759,340,782,340,782,372,759,372
782,340,881,340,881,387,782,387
912,338,976,338,976,381,912,381
1011,343,1120,343,1120,375,1011,375
;
603,384,768,384,768,430,603,430
1063,387,1158,387,1158,430,1063,430
;
397,393,516,389,518,437,399,441
833,399,967,390,969,423,835,431
968,396,1054,390,1056,426,970,431
;
228,395,274,395,274,416,228,416
511,392,598,392,598,421,511,421
;
403,441,482,437,483,464,404,468
491,433,586,433,586,465,491,465
800,436,855,436,855,470,800,470
918,439,1063,439,1063,470,918,470
1074,437,1177,442,1175,473,1073,469
;
592,442,785,442,785,479,592,479
863,442,918,442,918,470,863,470
;
337,492,539,485,540,514,338,520
548,496,580,496,580,514,548,514
589,481,766,485,765,529,588,525
776,475,884,488,879,534,771,521
911,484,994,495,989,533,906,523
;
314,534,364,534,364,563,314,563
398,528,676,533,675,569,398,564
;
378,543,395,543,395,563,378,563
676,537,806,537,806,569,676,569
814,543,840,543,840,569,814,569
836,543,952,534,955,570,838,579
962,546,1016,546,1016,580,962,580
1018,546,1155,538,1157,575,1020,582
;
140,574,265,554,271,591,146,611
;
64,577,143,573,145,609,66,613
;
372,583,404,583,404,615,372,615
417,578,573,592,570,628,414,614
568,588,726,574,730,615,572,628
730,577,808,577,808,635,730,635
804,583,973,576,975,629,806,636
;
970,589,1068,589,1068,670,970,670
;
1077,589,1144,589,1144,615,1077,615
;
210,606,257,606,257,635,210,635
;
129,622,206,609,211,636,133,649
;
574,621,652,621,652,678,574,678
652,629,878,632,877,675,652,672
875,629,915,629,915,664,875,664
;
494,632,577,632,577,681,494,681
;
930,635,976,635,976,661,930,661
1014,632,1074,632,1074,658,1014,658
1077,632,1149,632,1149,655,1077,655
;
355,638,488,638,488,678,355,678
;
355,673,453,673,453,716,355,716
577,678,647,678,647,707,577,707
655,676,806,676,806,719,655,719
820,676,938,676,938,725,820,725
972,671,1062,679,1058,722,968,714
1069,669,1165,673,1164,711,1067,707
;
61,690,340,680,342,745,63,754
436,678,583,678,583,756,436,756
;
936,687,956,687,956,707,936,707
;
349,713,436,713,436,754,349,754
;
620,726,714,713,720,758,627,771
;
892,719,1161,719,1161,803,892,803
;
569,725,632,725,632,771,569,771
;
219,733,306,733,306,745,219,745
716,733,791,733,791,754,716,754
788,730,840,730,840,756,788,756
846,725,892,725,892,756,846,756
;
62,755,215,748,218,838,66,844
;
170,751,202,751,202,791,170,791
;
351,757,459,768,454,816,346,805
467,755,641,776,635,826,461,804
650,768,719,768,719,800,650,800
722,765,820,765,820,806,722,806
;
976,768,1146,768,1146,858,976,858
;
216,774,332,774,332,803,216,803
827,769,903,775,900,809,824,803
962,774,996,774,996,800,962,800
1002,780,1042,780,1042,800,1002,800
;
482,814,589,814,589,869,482,869
;
228,829,271,829,271,846,228,846
352,817,470,817,470,849,352,849
624,817,713,817,713,860,624,860
713,820,800,820,800,846,713,846
806,814,938,814,938,855,806,855
938,823,973,823,973,843,938,843
;
192,866,343,840,358,926,207,952
;
881,852,921,852,921,895,881,895
;
612,858,742,858,742,910,612,910
;
754,858,884,858,884,895,754,895
930,863,1164,863,1164,892,930,892
;
69,877,158,870,161,912,73,920
355,872,410,872,410,912,355,912
413,875,468,875,468,907,413,907
473,878,511,878,511,898,473,898
520,865,611,872,607,918,516,910
;
63,920,213,903,216,938,67,954
351,909,580,904,581,960,352,965
589,904,687,904,687,953,589,953
684,912,728,912,728,956,684,956
794,912,863,912,863,944,794,944
913,903,1150,910,1149,955,912,948
;
866,912,907,912,907,938,866,938
;
736,918,794,918,794,959,736,959
;
72,953,127,953,127,999,72,999
488,953,543,953,543,1011,488,1011
;
797,956,823,956,823,990,797,990
826,956,930,956,930,996,826,996
;
398,959,485,959,485,1005,398,1005
575,957,652,965,647,1009,570,1000
980,965,1146,957,1148,998,982,1006
;
283,967,329,967,329,985,283,985
537,959,572,959,572,990,537,990
658,962,696,962,696,993,658,993
716,959,800,959,800,988,716,988
933,962,976,962,976,993,933,993
;
1100,990,1207,986,1208,1011,1100,1015
;
340,996,398,996,398,1054,340,1054
397,999,499,1008,495,1056,393,1047
496,1011,572,1011,572,1034,496,1034
580,996,707,996,707,1042,580,1042
756,1014,794,1014,794,1031,756,1031
886,1008,947,1008,947,1037,886,1037
;
1178,1028,1233,1028,1233,1045,1178,1045
;
693,1048,918,1048,918,1083,693,1083
973,1048,1138,1048,1138,1089,973,1089
;
63,1051,176,1051,176,1112,63,1112
;
297,1057,424,1057,424,1086,297,1086
430,1054,508,1054,508,1094,430,1094
508,1052,590,1057,588,1091,506,1085
589,1054,681,1054,681,1089,589,1089
927,1060,970,1060,970,1086,927,1086
;
176,1071,239,1071,239,1103,176,1103
;
194,1112,337,1098,339,1125,197,1139
349,1100,540,1100,540,1138,349,1138
673,1094,732,1106,726,1139,667,1127
;
731,1110,822,1101,826,1139,734,1148
;
114,1124,192,1102,203,1140,125,1163
;
823,1103,956,1103,956,1135,823,1135
964,1106,1011,1106,1011,1132,964,1132
1051,1103,1083,1103,1083,1132,1051,1132
;
1034,1106,1167,1106,1167,1178,1034,1178
;
60,1120,109,1120,109,1144,60,1144
537,1112,583,1112,583,1144,537,1144
583,1112,624,1112,624,1132,583,1132
626,1109,678,1109,678,1135,626,1135
1011,1109,1054,1109,1054,1132,1011,1132
;
177,1140,288,1134,290,1170,179,1176
;
450,1138,548,1138,548,1187,450,1187
;
111,1157,179,1143,187,1183,120,1197
554,1144,595,1144,595,1198,554,1198
598,1144,751,1144,751,1187,598,1187
;
59,1153,117,1144,122,1174,64,1183
343,1149,416,1149,416,1175,343,1175
762,1144,860,1144,860,1178,762,1178
860,1149,1025,1149,1025,1175,860,1175
;
1083,1178,1129,1178,1129,1216,1083,1216
;
901,1181,1054,1181,1054,1274,901,1274
;
195,1197,296,1183,301,1221,201,1235
;
1040,1184,1071,1184,1071,1216,1040,1216
;
300,1201,346,1201,346,1230,300,1230
352,1198,398,1198,398,1222,352,1222
395,1198,456,1198,456,1233,395,1233
469,1184,597,1200,593,1234,464,1218
595,1190,624,1190,624,1219,595,1219
638,1187,733,1187,733,1222,638,1222
730,1190,771,1190,771,1219,730,1219
777,1188,902,1192,901,1223,776,1219
;
345,1238,464,1235,465,1267,346,1271
489,1234,577,1229,579,1264,491,1269
595,1230,644,1230,644,1265,595,1265
1057,1236,1100,1236,1100,1262,1057,1262
1103,1224,1178,1224,1178,1265,1103,1265
;
644,1242,690,1242,690,1276,644,1276
699,1239,768,1239,768,1274,699,1274
774,1239,837,1239,837,1265,774,1265
843,1242,863,1242,863,1268,843,1268
866,1242,889,1242,889,1265,866,1265
;
1026,1271,1133,1275,1132,1313,1024,1308
;
236,1279,283,1279,283,1314,236,1314
358,1279,427,1279,427,1314,358,1314
426,1285,541,1273,545,1316,430,1328
843,1282,904,1282,904,1311,843,1311
;
101,1285,236,1285,236,1331,101,1331
;
543,1285,730,1285,730,1314,543,1314
742,1285,768,1285,768,1320,742,1320
780,1285,843,1285,843,1323,780,1323
915,1285,993,1285,993,1323,915,1323
;
1060,1320,1144,1320,1144,1354,1060,1354
;
616,1325,706,1337,699,1389,610,1377
;
106,1326,300,1326,300,1366,106,1366
349,1337,470,1337,470,1369,349,1369
479,1331,598,1331,598,1369,479,1369
710,1326,814,1326,814,1360,710,1360
811,1328,889,1328,889,1360,811,1360
901,1328,990,1328,990,1357,901,1357
999,1326,1054,1326,1054,1357,999,1357
;
135,1372,361,1372,361,1412,135,1412
355,1380,421,1380,421,1412,355,1412
421,1380,494,1380,494,1412,421,1412
629,1386,725,1386,725,1409,629,1409
733,1383,751,1383,751,1406,733,1406
751,1369,918,1369,918,1415,751,1415
930,1367,1138,1372,1137,1409,929,1404
;
508,1386,566,1386,566,1424,508,1424
574,1386,612,1386,612,1412,574,1412
612,1389,629,1389,629,1409,612,1409
;
63,1405,281,1435,269,1524,51,1495
;
615,1409,704,1409,704,1461,615,1461
719,1415,869,1415,869,1461,719,1461
;
63,1432,98,1432,98,1450,63,1450
346,1424,499,1424,499,1470,346,1470
502,1435,520,1435,520,1458,502,1458
520,1424,609,1424,609,1458,520,1458
;
534,1467,612,1467,612,1502,534,1502
994,1473,1123,1463,1126,1498,997,1508
;
629,1473,843,1469,844,1513,630,1517
;
907,1470,990,1470,990,1499,907,1499
;
286,1471,382,1477,380,1513,284,1507
;
444,1479,508,1479,508,1522,444,1522
846,1476,910,1476,910,1522,846,1522
;
384,1482,430,1482,430,1508,384,1508
508,1482,525,1482,525,1502,508,1502
;
463,1509,531,1515,527,1551,460,1545
852,1510,881,1510,881,1545,852,1545
881,1513,990,1513,990,1545,881,1545
996,1513,1040,1513,1040,1542,996,1542
;
522,1523,626,1513,630,1554,526,1565
;
271,1516,323,1516,323,1548,271,1548
334,1525,450,1519,451,1548,335,1554
635,1516,704,1516,704,1554,635,1554
702,1516,811,1516,811,1557,702,1557
817,1522,855,1522,855,1545,817,1545
1045,1519,1146,1519,1146,1542,1045,1542
;
1037,1561,1176,1547,1180,1586,1041,1601
;
303,1571,349,1571,349,1588,303,1588
358,1562,517,1562,517,1591,358,1591
528,1562,589,1562,589,1591,528,1591
588,1563,860,1557,861,1599,589,1605
874,1567,1034,1560,1035,1602,876,1609
;
323,1606,482,1606,482,1643,323,1643
479,1597,580,1597,580,1664,479,1664
739,1597,878,1597,878,1652,739,1652
881,1594,930,1594,930,1652,881,1652
927,1597,962,1597,962,1643,927,1643
959,1597,1155,1597,1155,1655,959,1655
;
595,1614,650,1614,650,1635,595,1635
650,1606,673,1606,673,1638,650,1638
670,1606,739,1606,739,1649,670,1649
;
