203,218,277,226,273,259,199,250
274,221,403,221,403,250,274,250
409,221,528,221,528,253,409,253
678,227,773,227,773,259,678,259
;
546,233,564,233,564,259,546,259
561,230,612,230,612,259,561,259
615,233,675,233,675,262,615,262
776,233,878,233,878,262,776,262
881,228,949,233,946,267,879,262
947,236,1027,236,1027,265,947,265
;
209,255,294,260,292,288,207,283
511,254,602,262,599,296,508,289
;
304,256,322,256,322,283,304,283
322,256,400,256,400,286,322,286
403,262,504,262,504,289,403,289
642,262,672,262,672,292,642,292
;
600,268,645,268,645,289,600,289
669,262,807,268,806,299,668,292
863,268,964,268,964,301,863,301
979,271,1024,271,1024,301,979,301
;
812,274,857,274,857,304,812,304
;
203,289,304,289,304,319,203,319
301,289,391,289,391,328,301,328
391,299,506,290,509,324,394,332
507,295,546,295,546,325,507,325
543,298,612,298,612,325,543,325
612,296,792,301,791,332,611,327
;
788,301,821,301,821,331,788,331
824,304,941,304,941,334,824,334
947,307,976,307,976,337,947,337
;
973,313,1024,313,1024,343,973,343
;
200,331,247,331,247,361,200,361
243,332,327,321,331,355,248,366
328,325,382,325,382,358,328,358
379,331,397,331,397,358,379,358
412,328,451,328,451,358,412,358
448,328,552,328,552,364,448,364
;
611,335,722,332,723,364,612,368
720,335,808,344,805,374,717,365
;
400,337,412,337,412,355,400,355
552,337,615,337,615,361,552,361
;
818,343,866,343,866,376,818,376
869,349,941,349,941,370,869,370
941,349,1024,349,1024,370,941,370
;
203,370,236,370,236,388,203,388
236,359,410,367,408,398,235,391
409,361,442,361,442,394,409,394
439,364,480,364,480,394,439,394
480,364,546,364,546,394,480,394
546,365,732,370,731,401,546,396
;
734,373,761,373,761,400,734,400
761,376,809,376,809,406,761,406
809,379,869,379,869,409,809,409
869,373,950,373,950,406,869,406
947,376,988,376,988,406,947,406
985,376,1024,376,1024,406,985,406
;
200,392,297,399,295,431,198,424
295,397,489,397,489,430,295,430
519,400,588,400,588,430,519,430
;
588,406,678,406,678,442,588,442
711,406,833,406,833,442,711,442
830,407,922,415,919,446,828,438
;
489,409,519,409,519,430,489,430
;
678,412,711,412,711,436,678,436
918,414,1021,409,1022,441,920,445
;
200,430,268,430,268,463,200,463
268,430,301,430,301,460,268,460
298,430,358,430,358,463,298,463
;
358,439,403,439,403,463,358,463
406,445,454,445,454,466,406,466
454,439,536,433,539,466,457,472
537,445,552,445,552,466,537,466
549,436,579,436,579,466,549,466
580,434,689,446,685,477,577,465
698,444,815,441,816,471,699,475
;
812,451,845,451,845,475,812,475
842,445,869,445,869,475,842,475
872,445,982,445,982,483,872,483
985,457,1021,457,1021,478,985,478
;
203,475,256,475,256,495,203,495
260,469,344,473,343,499,259,495
343,469,406,469,406,498,343,498
409,466,490,475,486,506,406,497
;
824,477,930,481,928,513,823,508
;
486,480,504,480,504,504,486,504
510,480,573,480,573,501,510,501
573,480,624,480,624,501,573,501
633,483,684,483,684,504,633,504
690,478,719,478,719,501,690,501
717,480,767,480,767,510,717,510
767,483,827,483,827,513,767,513
;
932,489,950,489,950,510,932,510
953,486,1023,493,1021,517,950,510
;
200,501,259,501,259,531,200,531
259,510,274,510,274,528,259,528
277,501,391,501,391,531,277,531
424,504,463,504,463,531,424,531
514,499,620,507,618,541,512,534
618,507,722,507,722,537,618,537
;
800,512,915,518,913,553,798,547
;
394,513,424,513,424,531,394,531
463,513,519,513,519,534,463,534
;
722,516,773,516,773,546,722,546
776,522,800,522,800,540,776,540
935,522,1021,522,1021,546,935,546
;
914,528,935,528,935,552,914,552
;
259,534,292,534,292,564,259,564
293,534,367,541,364,572,290,564
;
197,540,262,540,262,603,197,603
;
367,549,385,549,385,573,367,573
385,543,433,543,433,576,385,576
433,543,460,543,460,567,433,567
460,540,633,540,633,576,460,576
633,543,666,543,666,573,633,573
666,543,728,543,728,573,666,573
725,543,770,543,770,576,725,576
764,546,794,546,794,576,764,576
;
794,549,842,549,842,579,794,579
842,549,875,549,875,579,842,579
878,552,950,552,950,582,878,582
958,552,1024,552,1024,582,958,582
;
230,570,298,570,298,600,230,600
301,573,349,573,349,600,301,600
352,576,472,576,472,603,352,603
475,576,585,576,585,606,475,606
597,579,621,579,621,606,597,606
;
728,582,800,582,800,612,728,612
;
914,584,1026,590,1023,628,912,622
;
624,585,672,585,672,612,624,612
672,585,731,585,731,612,672,612
803,588,851,588,851,621,803,621
854,594,887,594,887,615,854,615
890,585,917,585,917,615,890,615
;
197,609,244,609,244,636,197,636
247,615,295,615,295,636,247,636
301,606,400,606,400,636,301,636
403,609,433,609,433,639,403,639
433,612,522,612,522,639,433,639
522,609,561,609,561,639,522,639
558,612,600,612,600,642,558,642
597,612,633,612,633,642,597,642
;
636,615,761,615,761,645,636,645
764,618,791,618,791,648,764,648
791,624,839,624,839,651,791,651
899,621,970,621,970,651,899,651
;
839,624,902,624,902,657,839,657
973,630,1021,630,1021,660,973,660
;
197,642,262,642,262,672,197,672
259,639,295,639,295,678,259,678
292,642,322,642,322,672,292,672
319,648,379,648,379,678,319,678
382,642,421,642,421,672,382,672
421,648,506,641,509,675,424,682
525,645,624,645,624,678,525,678
;
510,657,525,657,525,675,510,675
621,654,669,654,669,684,621,684
669,648,786,653,785,685,668,679
792,652,879,657,878,687,790,683
901,658,982,654,983,686,902,690
994,660,1018,660,1018,687,994,687
;
887,666,905,666,905,684,887,684
;
247,681,271,681,271,708,247,708
274,678,346,678,346,708,274,708
346,678,370,678,370,708,346,708
373,675,436,675,436,708,373,708
472,681,501,681,501,708,472,708
504,681,552,681,552,711,504,711
;
197,684,247,684,247,714,197,714
564,684,591,684,591,714,564,714
585,684,654,684,654,717,585,717
687,684,717,684,717,714,687,714
714,684,758,684,758,722,714,722
815,687,905,687,905,728,815,728
;
959,700,1020,689,1026,724,964,734
;
436,690,469,690,469,708,436,708
654,690,687,690,687,714,654,714
764,690,794,690,794,717,764,717
794,690,818,690,818,717,794,717
905,690,932,690,932,719,905,719
929,693,964,693,964,722,929,722
;
194,711,265,711,265,740,194,740
;
389,720,507,712,509,749,392,757
;
265,714,373,714,373,743,265,743
373,722,391,722,391,749,373,749
507,717,537,717,537,746,507,746
537,719,627,719,627,746,537,746
627,719,702,719,702,749,627,749
699,719,734,719,734,749,699,749
;
734,722,857,722,857,755,734,755
863,734,875,734,875,752,863,752
;
881,737,899,737,899,755,881,755
902,737,938,737,938,755,902,755
938,737,964,737,964,758,938,758
970,734,1024,734,1024,767,970,767
;
247,746,280,746,280,779,247,779
343,746,409,746,409,779,343,779
409,749,439,749,439,779,409,779
436,749,483,749,483,779,436,779
;
277,752,343,752,343,785,277,785
487,751,581,758,578,790,484,782
597,752,624,752,624,782,597,782
;
194,755,230,755,230,776,194,776
233,755,250,755,250,782,233,782
582,755,597,755,597,782,582,782
;
699,758,782,758,782,791,699,791
800,761,893,761,893,791,800,791
;
970,761,1021,761,1021,800,970,800
;
627,764,702,764,702,785,627,785
;
782,767,800,767,800,788,782,788
899,764,970,764,970,800,899,800
;
191,779,282,783,280,816,190,812
301,785,373,785,373,812,301,812
373,785,514,790,513,819,372,815
;
283,794,298,794,298,812,283,812
519,794,537,794,537,818,519,818
537,791,675,791,675,821,537,821
678,791,708,791,708,821,678,821
711,794,800,794,800,824,711,824
848,800,920,800,920,824,848,824
;
397,827,448,827,448,848,397,848
454,830,486,830,486,848,454,848
;
585,836,630,836,630,854,585,854
717,839,737,839,737,851,717,851
902,839,947,839,947,860,902,860
;
274,854,316,854,316,884,274,884
322,852,479,857,477,893,321,888
478,859,569,866,567,895,476,888
570,860,636,860,636,896,570,896
636,858,704,864,701,896,634,890
;
717,869,764,869,764,902,717,902
761,863,851,863,851,905,761,905
854,866,1024,866,1024,908,854,908
;
271,890,340,890,340,920,271,920
404,888,477,894,474,926,401,920
486,896,567,896,567,926,486,926
;
343,899,403,899,403,926,343,926
588,905,606,905,606,926,588,926
606,896,693,896,693,932,606,932
737,899,764,899,764,929,737,929
767,902,824,902,824,932,767,932
842,902,902,902,902,935,842,935
;
690,905,740,905,740,938,690,938
827,911,842,911,842,938,827,938
899,905,932,905,932,935,899,935
935,905,982,905,982,935,935,935
988,908,1018,908,1018,935,988,935
;
274,926,361,926,361,953,274,953
362,922,485,929,483,963,360,955
;
532,927,635,938,632,972,528,961
;
486,929,525,929,525,958,486,958
;
660,930,743,939,740,969,657,961
;
633,941,660,941,660,961,633,961
740,944,758,944,758,964,740,964
758,947,818,947,818,970,758,970
818,938,926,938,926,973,818,973
924,948,1021,943,1022,970,926,975
;
191,951,324,961,321,1000,189,990
318,960,441,956,442,991,320,995
;
445,960,518,968,514,1002,441,994
514,960,631,966,630,998,512,993
;
636,970,684,970,684,1003,636,1003
746,970,869,970,869,1000,746,1000
;
959,970,1025,983,1018,1021,952,1007
;
684,976,717,976,717,997,684,997
722,976,749,976,749,997,722,997
929,973,956,973,956,1003,929,1003
;
875,979,923,979,923,1009,875,1009
;
189,987,265,995,262,1026,185,1018
262,991,376,991,376,1021,262,1021
373,994,495,994,495,1027,373,1027
;
507,1003,555,1003,555,1036,507,1036
558,997,621,997,621,1030,558,1030
624,1000,693,1000,693,1030,624,1030
690,1000,755,1000,755,1033,690,1033
761,1006,779,1006,779,1033,761,1033
776,1003,830,1003,830,1033,776,1033
833,1006,899,1006,899,1036,833,1036
;
908,1012,938,1012,938,1039,908,1039
994,1006,1024,1006,1024,1039,994,1039
;
941,1015,991,1015,991,1042,941,1042
;
191,1022,265,1030,262,1064,188,1056
295,1027,427,1027,427,1060,295,1060
;
540,1038,616,1029,620,1062,543,1071
;
265,1030,295,1030,295,1057,265,1057
427,1036,466,1036,466,1060,427,1060
463,1033,543,1033,543,1063,463,1063
;
678,1036,782,1036,782,1069,678,1069
;
615,1042,675,1042,675,1072,615,1072
776,1039,821,1039,821,1069,776,1069
813,1044,928,1037,930,1072,815,1079
;
944,1043,1023,1052,1019,1086,940,1077
;
227,1060,256,1060,256,1090,227,1090
256,1060,349,1060,349,1093,256,1093
;
194,1069,227,1069,227,1090,194,1090
347,1061,470,1067,468,1105,345,1099
466,1069,573,1069,573,1099,466,1099
570,1072,627,1072,627,1099,570,1099
624,1072,696,1072,696,1102,624,1102
;
693,1078,776,1078,776,1108,693,1108
776,1075,812,1075,812,1105,776,1105
815,1078,908,1078,908,1108,815,1108
908,1078,979,1078,979,1111,908,1111
979,1081,1021,1081,1021,1111,979,1111
;
197,1096,250,1096,250,1126,197,1126
254,1095,436,1100,436,1132,253,1128
;
448,1102,475,1102,475,1132,448,1132
478,1108,528,1108,528,1138,478,1138
568,1100,630,1107,627,1138,565,1131
627,1105,660,1105,660,1135,627,1135
;
534,1114,567,1114,567,1135,534,1135
660,1110,733,1114,731,1149,658,1145
731,1108,788,1108,788,1141,731,1141
791,1108,897,1112,896,1144,790,1141
902,1114,926,1114,926,1144,902,1144
;
929,1120,982,1120,982,1150,929,1150
985,1123,1021,1123,1021,1144,985,1144
;
191,1129,227,1129,227,1159,191,1159
230,1132,262,1132,262,1162,230,1162
;
265,1144,319,1144,319,1165,265,1165
322,1138,445,1138,445,1174,322,1174
442,1144,475,1144,475,1168,442,1168
472,1138,513,1138,513,1168,472,1168
512,1141,626,1136,628,1174,514,1178
633,1144,657,1144,657,1171,633,1171
;
659,1150,740,1146,742,1177,660,1180
743,1153,776,1153,776,1183,743,1183
788,1146,938,1150,937,1189,787,1184
941,1150,970,1150,970,1180,941,1180
973,1156,1021,1156,1021,1186,973,1186
;
194,1174,230,1174,230,1195,194,1195
227,1174,259,1174,259,1203,227,1203
262,1177,316,1177,316,1197,262,1197
313,1168,385,1168,385,1200,313,1200
382,1171,415,1171,415,1200,382,1200
525,1174,567,1174,567,1203,525,1203
564,1174,630,1174,630,1203,564,1203
;
418,1178,482,1183,480,1205,416,1200
480,1180,528,1180,528,1209,480,1209
630,1177,681,1177,681,1206,630,1206
693,1180,719,1180,719,1206,693,1206
725,1186,773,1186,773,1215,725,1215
773,1189,809,1189,809,1209,773,1209
806,1180,911,1180,911,1212,806,1212
908,1181,989,1185,988,1216,907,1212
985,1186,1024,1186,1024,1215,985,1215
;
192,1198,265,1203,262,1235,189,1230
316,1203,379,1203,379,1233,316,1233
376,1203,406,1203,406,1236,376,1236
403,1206,442,1206,442,1236,403,1236
;
489,1209,513,1209,513,1239,489,1239
513,1209,627,1209,627,1245,513,1245
687,1211,760,1214,758,1246,685,1242
;
271,1212,316,1212,316,1233,271,1233
;
442,1214,488,1219,486,1241,440,1236
627,1218,684,1218,684,1248,627,1248
758,1212,788,1212,788,1245,758,1245
800,1215,827,1215,827,1245,800,1245
;
833,1224,881,1224,881,1254,833,1254
887,1224,935,1224,935,1254,887,1254
932,1218,1021,1218,1021,1257,932,1257
;
189,1243,265,1238,267,1268,191,1273
269,1232,402,1243,399,1280,266,1269
;
397,1242,570,1242,570,1281,397,1281
576,1254,591,1254,591,1275,576,1275
591,1251,645,1251,645,1275,591,1275
651,1248,740,1248,740,1278,651,1278
743,1248,779,1248,779,1278,743,1278
;
785,1254,911,1254,911,1284,785,1284
917,1254,1021,1254,1021,1290,917,1290
;
191,1278,328,1278,328,1311,191,1311
334,1278,358,1278,358,1305,334,1305
413,1273,504,1283,500,1317,409,1307
;
594,1279,759,1285,758,1323,593,1317
;
364,1281,412,1281,412,1311,364,1311
501,1281,594,1281,594,1311,501,1311
;
755,1287,824,1287,824,1317,755,1317
;
820,1293,922,1289,923,1323,821,1327
929,1299,947,1299,947,1326,929,1326
944,1296,988,1296,988,1329,944,1329
985,1290,1021,1290,1021,1320,985,1320
;
436,1308,546,1318,542,1357,433,1347
;
191,1317,265,1317,265,1338,191,1338
262,1311,334,1311,334,1341,262,1341
343,1311,391,1311,391,1347,343,1347
394,1311,436,1311,436,1344,394,1344
;
543,1317,645,1317,645,1353,543,1353
651,1329,666,1329,666,1353,651,1353
672,1323,764,1323,764,1353,672,1353
764,1320,791,1320,791,1350,764,1350
789,1327,854,1322,856,1352,791,1357
851,1326,950,1326,950,1356,851,1356
;
950,1329,1021,1329,1021,1365,950,1365
;
254,1342,324,1346,322,1378,252,1374
412,1347,448,1347,448,1380,412,1380
445,1347,478,1347,478,1380,445,1380
;
194,1353,250,1353,250,1377,194,1377
325,1350,373,1350,373,1383,325,1383
376,1353,415,1353,415,1377,376,1377
478,1359,534,1359,534,1380,478,1380
528,1350,657,1350,657,1389,528,1389
654,1353,751,1362,748,1393,651,1383
746,1359,1024,1359,1024,1392,746,1392
;
188,1374,259,1374,259,1407,188,1407
;
466,1382,586,1388,585,1425,464,1419
;
259,1383,400,1383,400,1413,259,1413
403,1383,436,1383,436,1413,403,1413
436,1383,463,1383,463,1413,436,1413
;
598,1386,677,1395,673,1430,594,1421
672,1395,734,1395,734,1425,672,1425
734,1392,803,1392,803,1422,734,1422
;
803,1398,854,1398,854,1428,803,1428
854,1404,890,1404,890,1425,854,1425
893,1395,991,1395,991,1431,893,1431
994,1398,1024,1398,1024,1428,994,1428
;
404,1410,555,1427,550,1465,400,1448
;
215,1412,302,1416,301,1450,213,1446
;
188,1413,218,1413,218,1439,188,1439
301,1416,367,1416,367,1445,301,1445
364,1416,403,1416,403,1445,364,1445
;
555,1422,579,1422,579,1451,555,1451
;
582,1428,630,1428,630,1457,582,1457
633,1434,708,1434,708,1457,633,1457
728,1434,776,1434,776,1454,728,1454
775,1429,880,1425,882,1457,776,1461
887,1431,964,1431,964,1460,887,1460
1000,1434,1024,1434,1024,1460,1000,1460
;
702,1434,743,1434,743,1490,702,1490
;
967,1436,994,1436,994,1460,967,1460
;
188,1445,221,1445,221,1478,188,1478
218,1445,259,1445,259,1478,218,1478
256,1448,307,1448,307,1478,256,1478
306,1446,362,1455,357,1486,301,1478
409,1451,436,1451,436,1481,409,1481
433,1451,469,1451,469,1481,433,1481
466,1454,492,1454,492,1484,466,1484
;
361,1457,409,1457,409,1490,361,1490
495,1454,612,1454,612,1493,495,1493
618,1457,675,1457,675,1487,618,1487
672,1457,702,1457,702,1487,672,1487
;
744,1457,863,1469,859,1505,740,1493
860,1463,893,1463,893,1493,860,1493
891,1459,998,1474,993,1508,886,1493
;
310,1484,373,1484,373,1514,310,1514
;
496,1486,635,1500,631,1536,493,1523
;
188,1487,239,1487,239,1520,188,1520
241,1490,310,1490,310,1520,241,1520
376,1496,427,1496,427,1517,376,1517
424,1487,457,1487,457,1517,424,1517
454,1487,495,1487,495,1520,454,1520
;
648,1496,669,1496,669,1523,648,1523
;
672,1499,755,1499,755,1529,672,1529
758,1502,788,1502,788,1526,758,1526
787,1502,886,1498,888,1531,788,1536
887,1505,967,1505,967,1529,887,1529
976,1511,1024,1511,1024,1532,976,1532
;
257,1519,359,1523,358,1554,255,1549
358,1523,391,1523,391,1550,358,1550
;
424,1524,565,1527,564,1559,423,1556
;
191,1526,224,1526,224,1547,191,1547
224,1526,256,1526,256,1547,224,1547
388,1529,424,1529,424,1553,388,1553
;
627,1529,725,1529,725,1568,627,1568
;
931,1542,1020,1531,1024,1565,935,1576
;
561,1532,624,1532,624,1559,561,1559
;
731,1538,824,1538,824,1571,731,1571
827,1544,860,1544,860,1565,827,1565
857,1541,893,1541,893,1571,857,1571
893,1538,938,1538,938,1565,893,1565
;
188,1550,368,1555,367,1596,187,1592
367,1556,421,1556,421,1589,367,1589
436,1562,463,1562,463,1589,436,1589
;
463,1565,513,1565,513,1598,463,1598
510,1565,558,1565,558,1598,510,1598
558,1562,639,1562,639,1595,558,1595
;
642,1574,660,1574,660,1595,642,1595
657,1565,788,1565,788,1607,657,1607
782,1574,839,1574,839,1604,782,1604
842,1571,961,1571,961,1610,842,1610
961,1577,1027,1577,1027,1601,961,1601
;
932,1613,1017,1604,1021,1639,936,1649
;
39,1838,287,1844,286,1871,38,1866
;
301,1876,355,1876,355,1900,301,1900
369,1878,419,1869,423,1892,373,1901
445,1876,531,1876,531,1897,445,1897
;
