756,86,857,86,857,130,756,130
871,79,1012,69,1017,137,876,147
1071,92,1138,92,1138,139,1071,139
;
304,153,457,153,457,188,304,188
591,156,737,168,735,195,589,183
741,165,756,165,756,188,741,188
770,165,860,165,860,185,770,185
889,156,950,156,950,182,889,182
1051,159,1158,159,1158,202,1051,202
1161,156,1213,156,1213,196,1161,196
;
591,202,691,194,694,229,594,237
;
818,234,1001,252,992,344,809,325
;
159,242,261,246,260,279,158,275
298,260,341,260,341,278,298,278
341,260,399,260,399,278,341,278
628,260,735,260,735,280,628,280
903,257,982,257,982,278,903,278
;
170,307,260,307,260,324,170,324
333,301,353,301,353,324,333,324
353,304,451,304,451,327,353,327
449,307,477,307,477,324,449,324
486,301,535,301,535,324,486,324
651,292,706,292,706,324,651,324
709,295,747,295,747,327,709,327
;
179,341,234,341,234,376,179,376
234,344,283,344,283,370,234,370
351,345,447,352,445,375,349,367
460,344,501,344,501,373,460,373
504,344,561,344,561,370,504,370
695,353,744,353,744,376,695,376
753,339,895,343,895,374,752,370
903,356,955,356,955,379,903,379
;
199,396,275,396,275,417,199,417
533,396,608,396,608,420,533,420
657,393,724,393,724,420,657,420
730,399,776,399,776,422,730,422
788,386,985,391,984,430,787,425
;
301,449,350,449,350,472,301,472
489,449,518,449,518,475,489,475
521,449,553,449,553,469,521,469
553,446,602,446,602,469,553,469
932,451,976,451,976,469,932,469
;
231,489,266,489,266,512,231,512
718,469,967,469,967,515,718,515
984,483,1109,483,1109,518,984,518
1112,483,1144,483,1144,509,1112,509
;
266,492,304,492,304,509,266,509
353,495,411,495,411,512,353,512
469,489,566,495,564,525,467,519
;
225,535,376,535,376,561,225,561
466,538,509,538,509,561,466,561
521,541,564,541,564,561,521,561
651,533,764,533,764,564,651,564
776,541,851,541,851,564,776,564
848,538,883,538,883,564,848,564
887,526,1013,539,1009,576,883,563
1016,535,1152,535,1152,561,1016,561
;
324,574,412,578,411,608,323,605
506,593,535,593,535,608,506,608
538,593,596,593,596,614,538,614
602,593,617,593,617,611,602,611
634,582,666,582,666,614,634,614
680,573,770,573,770,611,680,611
770,572,873,576,871,611,769,608
866,585,927,585,927,622,866,622
924,585,996,585,996,611,924,611
999,582,1037,582,1037,611,999,611
1037,570,1167,570,1167,611,1037,611
;
179,625,301,625,301,654,179,654
344,625,420,625,420,654,344,654
420,608,524,608,524,663,420,663
527,614,643,614,643,654,527,654
646,628,703,628,703,654,646,654
709,619,758,619,758,657,709,657
750,628,840,628,840,663,750,663
847,626,992,619,994,655,848,661
993,622,1141,622,1141,657,993,657
;
183,659,331,663,330,707,181,703
324,667,461,658,465,708,328,718
463,669,535,669,535,709,463,709
535,666,709,666,709,706,535,706
715,669,967,669,967,712,715,712
970,672,1051,672,1051,703,970,703
1054,672,1144,672,1144,706,1054,706
;
194,721,324,721,324,750,194,750
341,718,475,718,475,747,341,747
477,721,550,721,550,747,477,747
556,712,654,712,654,758,556,758
651,712,776,712,776,753,651,753
787,718,834,718,834,747,787,747
834,709,1025,709,1025,750,834,750
1014,727,1163,716,1166,752,1017,763
;
286,742,522,762,514,859,277,839
;
475,761,559,761,559,808,475,808
559,761,643,761,643,796,559,796
648,764,744,764,744,808,648,808
744,770,787,770,787,796,744,796
788,763,973,767,973,799,787,796
;
515,819,553,819,553,840,515,840
562,791,664,813,654,861,552,839
660,816,727,816,727,851,660,851
739,804,916,809,914,856,737,851
903,816,1054,816,1054,851,903,851
1054,814,1138,814,1138,851,1054,851
;
338,848,556,848,556,883,338,883
;
680,851,735,851,735,889,680,889
778,850,850,864,841,910,769,896
;
561,860,634,860,634,903,561,903
628,857,657,857,657,883,628,883
730,851,770,851,770,883,730,883
842,866,915,866,915,886,842,886
921,863,1019,863,1019,903,921,903
1016,854,1147,854,1147,903,1016,903
;
178,908,323,899,325,926,180,935
333,894,456,900,454,945,331,939
454,903,472,903,472,927,454,927
472,898,543,902,541,936,470,932
550,909,660,909,660,941,550,941
669,904,782,908,782,936,668,932
780,916,822,911,825,935,783,940
819,906,987,906,987,935,819,935
987,906,1066,906,1066,941,987,941
1071,909,1152,909,1152,944,1071,944
;
194,955,312,955,312,976,194,976
315,944,391,944,391,976,315,976
384,946,501,934,505,978,389,990
513,940,606,956,597,1005,504,988
611,944,677,944,677,984,611,984
677,950,790,950,790,982,677,982
790,962,848,957,851,992,794,998
845,953,892,953,892,982,845,982
889,955,955,955,955,984,889,984
958,953,1103,953,1103,993,958,993
;
188,1005,275,1005,275,1028,188,1028
272,1001,342,1005,341,1029,271,1025
342,989,468,999,464,1049,338,1038
466,987,527,987,527,1022,466,1022
536,991,630,996,628,1030,534,1025
635,987,762,1004,756,1043,630,1027
761,993,912,993,912,1028,761,1028
915,999,955,999,955,1031,915,1031
955,990,1089,990,1089,1031,955,1031
1087,1008,1149,1004,1152,1033,1089,1038
;
185,1039,350,1039,350,1074,185,1074
341,1045,425,1045,425,1083,341,1083
431,1042,483,1042,483,1071,431,1071
483,1051,498,1051,498,1071,483,1071
495,1039,524,1039,524,1071,495,1071
524,1039,579,1039,579,1092,524,1092
585,1038,797,1050,795,1088,583,1077
805,1048,947,1048,947,1095,805,1095
950,1039,1135,1039,1135,1095,950,1095
;
341,1095,411,1095,411,1141,341,1141
431,1095,477,1095,477,1132,431,1132
483,1089,515,1089,515,1121,483,1121
521,1085,713,1090,712,1139,520,1134
708,1092,975,1085,977,1140,710,1147
967,1100,1048,1100,1048,1135,967,1135
1045,1095,1109,1095,1109,1135,1045,1135
1109,1092,1161,1092,1161,1121,1109,1121
;
172,1144,318,1134,320,1172,175,1182
341,1138,399,1138,399,1176,341,1176
396,1129,446,1129,446,1164,396,1164
443,1126,518,1126,518,1167,443,1167
518,1141,570,1141,570,1164,518,1164
570,1138,654,1138,654,1170,570,1170
656,1130,825,1126,826,1169,657,1173
825,1137,930,1141,929,1171,824,1167
929,1144,970,1144,970,1167,929,1167
972,1136,1161,1129,1163,1172,973,1179
;
188,1181,289,1181,289,1210,188,1210
304,1184,367,1184,367,1216,304,1216
365,1176,469,1176,469,1219,365,1219
460,1181,583,1172,586,1215,463,1223
590,1174,683,1188,677,1230,584,1216
676,1189,805,1171,812,1220,683,1238
812,1193,969,1180,972,1221,815,1235
964,1190,1039,1190,1039,1228,964,1228
1045,1187,1150,1187,1150,1216,1045,1216
;
313,1219,485,1232,482,1269,311,1257
495,1221,653,1231,650,1276,492,1267
657,1226,916,1241,913,1291,654,1276
;
231,1231,312,1231,312,1254,231,1254
921,1234,982,1234,982,1263,921,1263
;
165,1280,289,1280,289,1303,165,1303
289,1268,359,1268,359,1303,289,1303
360,1266,541,1281,538,1316,357,1302
600,1264,797,1272,796,1314,598,1306
814,1280,860,1280,860,1309,814,1309
869,1284,962,1289,961,1314,868,1309
;
334,1301,527,1326,521,1373,328,1348
524,1326,666,1326,666,1364,524,1364
663,1323,767,1323,767,1364,663,1364
761,1329,799,1329,799,1361,761,1361
860,1316,1055,1325,1054,1369,858,1361
;
799,1329,851,1329,851,1370,799,1370
1054,1338,1152,1338,1152,1367,1054,1367
;
217,1376,269,1376,269,1396,217,1396
272,1370,338,1370,338,1396,272,1396
341,1361,501,1361,501,1407,341,1407
500,1373,695,1369,695,1406,501,1409
701,1370,793,1370,793,1399,701,1399
802,1378,845,1378,845,1399,802,1399
843,1373,971,1379,970,1406,842,1401
970,1376,1028,1376,1028,1404,970,1404
1031,1381,1138,1381,1138,1407,1031,1407
;
179,1410,269,1410,269,1442,179,1442
269,1419,336,1419,336,1442,269,1442
341,1410,515,1410,515,1445,341,1445
521,1419,614,1419,614,1454,521,1454
614,1416,758,1416,758,1454,614,1454
755,1422,865,1418,866,1445,756,1449
879,1409,996,1422,992,1460,875,1447
999,1416,1063,1416,1063,1454,999,1454
1068,1422,1141,1422,1141,1457,1068,1457
;
179,1457,330,1457,330,1494,179,1494
330,1465,344,1465,344,1483,330,1483
341,1457,396,1457,396,1483,341,1483
398,1461,538,1454,540,1486,399,1492
535,1457,573,1457,573,1491,535,1491
571,1455,674,1466,670,1505,567,1494
669,1466,752,1458,755,1491,672,1499
750,1462,816,1462,816,1491,750,1491
825,1465,892,1465,892,1494,825,1494
895,1463,981,1469,978,1501,893,1495
982,1471,1115,1471,1115,1506,982,1506
;
200,1509,285,1500,288,1537,204,1546
298,1512,347,1512,347,1535,298,1535
341,1500,388,1500,388,1535,341,1535
385,1500,524,1500,524,1535,385,1535
530,1500,596,1500,596,1549,530,1549
596,1509,712,1509,712,1552,596,1552
727,1506,845,1506,845,1546,727,1546
848,1517,927,1517,927,1546,848,1546
935,1517,982,1517,982,1544,935,1544
993,1517,1118,1517,1118,1544,993,1544
1115,1523,1155,1523,1155,1544,1115,1544
;
246,1564,289,1564,289,1581,246,1581
333,1552,365,1552,365,1578,333,1578
365,1552,492,1552,492,1584,365,1584
489,1558,521,1558,521,1581,489,1581
527,1558,541,1558,541,1581,527,1581
541,1555,625,1555,625,1587,541,1587
634,1555,703,1555,703,1584,634,1584
701,1550,792,1556,790,1589,699,1583
790,1564,851,1564,851,1593,790,1593
850,1567,932,1563,933,1587,851,1590
944,1567,967,1567,967,1587,944,1587
976,1567,1144,1567,1144,1593,976,1593
;
347,1599,475,1599,475,1628,347,1628
480,1599,559,1599,559,1630,480,1630
573,1599,625,1599,625,1630,573,1630
628,1607,750,1607,750,1639,628,1639
764,1604,874,1604,874,1636,764,1636
889,1616,938,1616,938,1636,889,1636
938,1604,984,1604,984,1636,938,1636
988,1599,1137,1609,1134,1647,986,1637
;
