362,78,394,78,394,119,362,119
;
557,107,688,107,688,153,557,153
;
722,108,889,126,884,172,717,155
;
435,111,552,115,551,149,434,145
;
378,125,429,120,430,141,380,146
;
885,128,1061,139,1058,188,882,177
;
1059,130,1169,130,1169,174,1059,174
;
575,158,721,163,719,208,574,202
;
357,158,690,187,678,323,345,294
;
232,159,307,159,307,191,232,191
;
479,165,563,165,563,214,479,214
;
767,168,876,180,871,231,762,218
;
714,177,754,177,754,203,714,203
;
882,182,963,182,963,211,882,211
;
960,188,1085,184,1086,219,961,224
;
1091,185,1181,185,1181,211,1091,211
;
693,197,868,227,858,284,683,253
;
249,214,316,214,316,238,249,238
;
1030,223,1143,223,1143,322,1030,322
;
864,232,1033,228,1034,265,865,269
;
624,264,693,264,693,313,624,313
;
818,267,856,267,856,301,818,301
;
693,269,775,269,775,319,693,319
955,276,1029,281,1027,309,953,304
;
775,278,812,278,812,301,775,301
;
865,278,949,278,949,307,865,307
;
366,299,544,309,542,354,364,345
;
580,316,690,316,690,351,580,351
;
546,318,583,323,573,398,536,393
;
795,325,952,325,952,362,795,362
1056,331,1176,319,1180,359,1060,370
;
690,328,783,328,783,351,690,351
;
969,328,1050,328,1050,357,969,357
;
447,351,525,351,525,418,447,418
;
374,359,447,359,447,400,374,400
;
621,361,796,365,795,404,620,400
;
583,362,618,362,618,394,583,394
;
795,371,841,371,841,400,795,400
923,371,1016,371,1016,403,923,403
;
841,377,914,377,914,412,841,412
;
1030,380,1082,380,1082,403,1030,403
1082,377,1140,377,1140,406,1082,406
;
369,400,510,395,512,455,372,460
;
644,419,849,405,852,449,647,462
;
519,415,563,415,563,441,519,441
;
569,415,650,415,650,447,569,447
;
970,422,1044,428,1041,461,967,455
;
853,423,963,423,963,452,853,452
;
1050,423,1132,423,1132,458,1050,458
1135,423,1198,423,1198,458,1135,458
;
238,452,339,452,339,476,238,476
;
368,461,449,461,449,487,368,487
632,455,664,455,664,490,632,490
;
505,461,612,461,612,508,505,508
676,461,760,461,760,513,676,513
;
455,464,508,464,508,490,455,490
;
757,464,809,464,809,496,757,496
;
809,470,1038,464,1039,511,810,516
;
1048,484,1088,484,1088,505,1048,505
1088,479,1181,479,1181,508,1088,508
;
473,499,602,508,600,542,471,533
;
371,502,458,502,458,531,371,531
;
606,508,653,508,653,548,606,548
650,506,774,514,771,554,648,546
;
784,518,918,522,916,568,782,564
;
926,522,1007,522,1007,551,926,551
;
1001,528,1103,528,1103,566,1001,566
;
1106,528,1143,528,1143,557,1106,557
;
727,541,940,560,936,604,723,585
;
418,545,531,545,531,574,418,574
;
531,551,653,551,653,580,531,580
653,551,714,551,714,583,653,583
;
940,566,972,566,972,603,940,603
;
972,571,1059,571,1059,612,972,612
;
419,593,717,574,723,662,424,680
;
1062,577,1172,577,1172,612,1062,612
;
412,584,515,591,513,625,410,618
;
725,606,769,606,769,632,725,632
;
872,606,948,622,941,658,864,642
;
772,609,809,609,809,638,772,638
;
1022,609,1218,635,1206,727,1010,701
;
804,615,865,615,865,653,804,653
;
960,627,981,627,981,650,960,650
981,621,1024,621,1024,661,981,661
1068,624,1120,624,1120,659,1068,659
1120,624,1190,624,1190,656,1120,656
;
310,641,351,641,351,659,310,659
;
557,647,632,647,632,676,557,676
;
946,648,1021,671,1007,716,932,693
;
809,650,882,650,882,705,809,705
;
638,653,731,653,731,693,638,693
737,661,766,661,766,688,737,688
760,656,812,656,812,693,760,693
;
366,681,468,685,467,719,364,715
;
481,690,586,690,586,719,481,719
;
848,714,991,691,999,744,856,767
;
610,693,768,706,764,747,607,735
775,702,827,702,827,737,775,737
;
1035,704,1184,727,1177,770,1029,748
;
836,717,859,717,859,740,836,740
1007,719,1027,719,1027,743,1007,743
;
359,728,455,728,455,769,359,769
;
574,740,685,740,685,772,574,772
;
461,743,563,743,563,780,461,780
;
738,745,866,754,863,796,735,787
;
690,754,737,754,737,775,690,775
;
966,754,1184,754,1184,804,966,804
;
865,755,953,759,952,787,863,783
;
364,772,453,784,447,825,358,813
452,783,534,783,534,812,452,812
539,783,661,783,661,815,539,815
;
673,789,717,789,717,818,673,818
;
725,798,1044,793,1045,845,726,850
;
84,807,185,807,185,847,84,847
;
1048,808,1150,816,1149,840,1046,833
;
415,820,633,827,632,875,413,868
;
368,821,415,821,415,856,368,856
;
953,831,1158,850,1153,897,949,878
;
854,834,953,839,951,875,852,870
;
656,836,839,836,839,940,656,940
;
278,839,322,839,322,885,278,885
641,839,749,839,749,882,641,882
;
136,841,194,841,194,876,136,876
;
75,847,136,847,136,876,75,876
;
362,868,415,868,415,902,362,902
;
563,876,647,876,647,923,563,923
;
420,879,493,879,493,902,420,902
;
505,879,560,879,560,911,505,911
;
841,879,911,879,911,931,841,931
;
142,885,232,885,232,978,142,978
;
908,891,958,891,958,920,908,920
;
1016,892,1067,897,1064,925,1013,919
;
952,894,1018,894,1018,931,952,931
;
72,897,124,897,124,946,72,946
;
124,897,156,897,156,963,124,963
;
1068,897,1151,902,1149,927,1067,922
;
225,907,315,901,318,930,227,937
;
374,911,493,911,493,963,374,963
503,911,612,922,607,966,499,954
;
230,921,350,961,337,1001,217,961
;
682,923,769,923,769,966,682,966
;
612,931,676,931,676,969,612,969
;
766,934,824,934,824,960,766,960
;
836,936,944,941,943,969,834,964
943,937,989,937,989,969,943,969
;
993,943,1079,950,1076,976,991,968
;
1083,953,1165,958,1163,980,1081,975
;
367,964,446,973,442,1004,363,994
449,972,490,972,490,998,449,998
502,963,542,963,542,1001,502,1001
;
708,972,792,972,792,1010,708,1010
;
548,975,656,975,656,1016,548,1016
;
664,978,696,978,696,1004,664,1004
;
789,981,830,981,830,1010,789,1010
;
839,987,1146,987,1146,1062,839,1062
;
179,1010,310,1006,311,1032,180,1035
;
351,1007,490,1007,490,1050,351,1050
490,1013,580,1013,580,1045,490,1045
;
650,1014,912,1027,910,1067,648,1054
;
586,1021,650,1021,650,1048,586,1048
;
911,1036,958,1036,958,1062,911,1062
;
1022,1040,1139,1046,1137,1075,1020,1069
;
206,1053,319,1053,319,1077,206,1077
;
409,1053,487,1053,487,1103,409,1103
;
359,1056,406,1056,406,1094,359,1094
;
607,1058,817,1072,812,1157,602,1143
;
322,1059,359,1059,359,1077,322,1077
;
560,1059,609,1059,609,1097,560,1097
;
496,1065,557,1065,557,1108,496,1108
747,1063,858,1071,855,1107,744,1099
;
856,1071,946,1071,946,1106,856,1106
;
944,1071,1009,1077,1006,1119,940,1114
;
1004,1082,1153,1089,1152,1124,1003,1118
;
209,1097,296,1097,296,1120,209,1120
;
304,1103,348,1103,348,1123,304,1123
406,1097,452,1097,452,1132,406,1132
;
449,1106,563,1106,563,1135,449,1135
;
574,1111,667,1111,667,1140,574,1140
;
874,1116,1018,1124,1015,1175,871,1167
;
809,1123,870,1123,870,1161,809,1161
;
1018,1126,1152,1126,1152,1169,1018,1169
;
343,1139,483,1147,480,1202,340,1194
;
490,1146,566,1146,566,1187,490,1187
;
284,1152,330,1152,330,1172,284,1172
;
586,1158,661,1158,661,1204,586,1204
902,1164,943,1164,943,1198,902,1198
;
755,1165,930,1169,928,1249,753,1245
;
670,1167,734,1167,734,1204,670,1204
;
734,1169,757,1169,757,1196,734,1196
870,1169,902,1169,902,1198,870,1198
;
941,1170,1075,1174,1073,1218,939,1213
;
1076,1179,1169,1174,1171,1202,1077,1207
;
217,1193,301,1193,301,1222,217,1222
304,1193,354,1193,354,1225,304,1225
;
359,1204,420,1204,420,1242,359,1242
420,1207,541,1194,546,1242,426,1255
549,1205,631,1211,629,1239,546,1233
;
935,1208,1138,1219,1136,1268,933,1257
;
629,1213,647,1213,647,1236,629,1236
719,1210,760,1210,760,1239,719,1239
;
650,1216,714,1216,714,1239,650,1239
;
426,1239,447,1239,447,1257,426,1257
;
362,1245,502,1245,502,1286,362,1286
512,1250,600,1245,602,1282,514,1287
;
720,1253,865,1257,864,1294,719,1289
;
598,1254,725,1254,725,1306,598,1306
;
870,1259,987,1259,987,1294,870,1294
;
1045,1259,1155,1259,1155,1309,1045,1309
;
987,1265,1045,1265,1045,1309,987,1309
;
328,1294,432,1283,437,1339,334,1350
;
206,1288,249,1288,249,1309,206,1309
249,1288,328,1288,328,1309,249,1309
;
438,1288,505,1288,505,1329,438,1329
566,1291,650,1291,650,1323,566,1323
;
795,1293,881,1298,879,1333,793,1329
;
502,1294,522,1294,522,1320,502,1320
519,1294,557,1294,557,1323,519,1323
;
879,1294,920,1294,920,1335,879,1335
;
653,1306,688,1306,688,1326,653,1326
702,1300,780,1300,780,1335,702,1335
;
920,1309,1027,1309,1027,1344,920,1344
1030,1312,1074,1312,1074,1338,1030,1338
1077,1312,1152,1312,1152,1341,1077,1341
;
508,1326,655,1347,642,1440,495,1419
;
365,1329,418,1329,418,1364,365,1364
;
76,1334,185,1329,187,1377,78,1382
;
790,1335,872,1352,864,1393,781,1377
;
624,1338,783,1338,783,1419,624,1419
;
418,1341,493,1341,493,1370,418,1370
;
862,1347,995,1347,995,1396,862,1396
;
1059,1349,1091,1349,1091,1381,1059,1381
;
992,1358,1053,1358,1053,1390,992,1390
1096,1357,1198,1354,1199,1387,1097,1391
;
361,1367,467,1377,462,1425,356,1415
467,1378,496,1378,496,1410,467,1410
;
761,1386,1023,1396,1021,1441,759,1431
;
505,1387,569,1387,569,1413,505,1413
;
719,1390,766,1390,766,1416,719,1416
;
1021,1396,1149,1396,1149,1448,1021,1448
;
197,1407,342,1429,336,1470,191,1448
365,1416,455,1416,455,1463,365,1463
;
473,1428,560,1428,560,1460,473,1460
;
563,1434,598,1434,598,1463,563,1463
607,1428,752,1432,751,1466,606,1463
;
801,1437,856,1437,856,1480,801,1480
;
751,1439,801,1439,801,1466,751,1466
;
853,1439,949,1439,949,1477,853,1477
;
946,1445,1136,1455,1134,1484,945,1474
;
200,1471,267,1471,267,1492,200,1492
;
406,1474,467,1474,467,1515,406,1515
642,1473,765,1480,762,1521,639,1514
;
272,1477,310,1477,310,1495,272,1495
;
796,1479,934,1493,929,1534,792,1519
;
357,1480,397,1480,397,1500,357,1500
;
464,1480,548,1480,548,1521,464,1521
;
940,1492,1016,1492,1016,1521,940,1521
;
1016,1495,1106,1495,1106,1524,1016,1524
;
232,1511,346,1516,345,1546,231,1541
;
357,1521,406,1521,406,1550,357,1550
;
409,1524,461,1524,461,1564,409,1564
;
452,1524,508,1524,508,1558,452,1558
;
762,1530,925,1525,927,1575,764,1580
;
510,1527,551,1527,551,1553,510,1553
;
638,1532,696,1532,696,1573,638,1573
;
589,1539,628,1534,632,1555,592,1561
702,1535,719,1535,719,1558,702,1558
725,1535,746,1535,746,1558,725,1558
;
929,1535,972,1535,972,1567,929,1567
1079,1535,1114,1535,1114,1570,1079,1570
;
556,1535,742,1555,734,1625,549,1604
;
966,1541,1062,1541,1062,1585,966,1585
;
359,1564,406,1564,406,1608,359,1608
461,1570,548,1570,548,1602,461,1602
;
790,1575,1060,1586,1058,1633,788,1623
;
397,1576,461,1576,461,1608,397,1608
743,1579,783,1579,783,1608,743,1608
;
1074,1579,1143,1579,1143,1628,1074,1628
;
