2139,328,2677,328,2677,630,2139,630
;
1050,420,2113,420,2113,695,1050,695
;
3032,429,3702,506,3672,763,3003,686
;
2668,477,2963,510,2952,613,2656,581
;
4711,525,4790,525,4790,590,4711,590
;
2290,679,3201,733,3188,965,2277,911
;
1522,682,2310,682,2310,892,1522,892
;
4331,695,4843,695,4843,984,4331,984
;
5735,708,5893,708,5893,840,5735,840
;
3463,786,4391,709,4408,917,3481,995
;
1312,735,1535,735,1535,879,1312,879
;
1010,813,1260,813,1260,905,1010,905
;
3176,813,3399,813,3399,971,3176,971
;
2290,904,3188,1175,3094,1488,2196,1217
;
989,943,1622,921,1631,1193,998,1214
;
1645,1016,1987,1078,1957,1241,1615,1179
2034,1050,2205,1050,2205,1194,2034,1194
;
4406,1065,4697,1091,4682,1258,4391,1232
;
3847,1096,4126,1147,4095,1318,3816,1267
;
3333,1102,3766,1102,3766,1273,3333,1273
;
4121,1155,4410,1155,4410,1246,4121,1246
;
1470,1312,2244,1312,2244,1771,1470,1771
;
2774,1537,3485,1727,3396,2060,2685,1871
;
4412,1643,4842,1604,4867,1885,4438,1924
;
2178,1666,2493,1666,2493,1890,2178,1890
;
2533,1666,2743,1666,2743,1876,2533,1876
;
5556,1671,5968,1694,5956,1897,5545,1875
;
4987,1706,5512,1706,5512,1890,4987,1890
;
3845,1719,4239,1719,4239,1929,3845,1929
4830,1771,4908,1771,4908,1876,4830,1876
;
3425,1785,3635,1785,3635,1903,3425,1903
3635,1785,3766,1785,3766,1903,3635,1903
;
1816,1960,2348,1995,2334,2211,1801,2176
;
4646,1968,5158,1968,5158,2270,4646,2270
;
2388,2008,2559,2008,2559,2165,2388,2165
2559,1995,2730,1995,2730,2178,2559,2178
3425,2008,3570,2008,3570,2191,3425,2191
5158,1968,5735,1968,5735,2218,5158,2218
;
3543,2060,3858,2060,3858,2205,3543,2205
;
2769,2073,3373,2073,3373,2349,2769,2349
;
4410,2086,4528,2086,4528,2205,4410,2205
;
3858,2100,4186,2100,4186,2218,3858,2218
4226,2100,4331,2100,4331,2231,4226,2231
;
5200,2343,5946,2209,5995,2481,5249,2615
;
2191,2244,2520,2244,2520,2520,2191,2520
4318,2283,4580,2283,4580,2493,4318,2493
;
3389,2290,4104,2328,4093,2544,3377,2506
;
4134,2310,4331,2310,4331,2493,4134,2493
;
2664,2349,2874,2349,2874,2480,2664,2480
3189,2323,3386,2323,3386,2506,3189,2506
4528,2323,4725,2323,4725,2506,4528,2506
5066,2349,5171,2349,5171,2480,5066,2480
;
2874,2362,3031,2362,3031,2493,2874,2493
3045,2375,3123,2375,3123,2480,3045,2480
4698,2362,5066,2362,5066,2493,4698,2493
;
4514,2533,5066,2533,5066,2808,4514,2808
5814,2585,5971,2585,5971,2769,5814,2769
;
3596,2598,4370,2598,4370,2874,3596,2874
;
5344,2640,5813,2607,5824,2766,5356,2800
;
3360,2651,3622,2651,3622,2926,3360,2926
5105,2651,5355,2651,5355,2926,5105,2926
;
4449,2664,4554,2664,4554,2808,4449,2808
;
2152,2677,2730,2677,2730,2821,2152,2821
;
2808,2703,3136,2703,3136,2835,2808,2835
;
2730,2716,2821,2716,2821,2848,2730,2848
;
1794,2884,2463,2850,2480,3186,1812,3220
;
3451,2887,3885,2887,3885,3163,3451,3163
;
4574,3053,5982,2925,6022,3368,4614,3496
;
4226,2940,4357,2940,4357,3123,4226,3123
4331,2926,4606,2926,4606,3136,4331,3136
4882,2926,5210,2926,5210,3123,4882,3123
;
4042,2953,4265,2953,4265,3150,4042,3150
;
3871,3031,3950,3031,3950,3150,3871,3150
;
2415,3045,2664,3045,2664,3176,2415,3176
2730,3045,3136,3045,3136,3176,2730,3176
3136,3045,3281,3045,3281,3163,3136,3163
;
2664,3071,2730,3071,2730,3176,2664,3176
;
3268,3241,3714,3241,3714,3465,3268,3465
;
1824,3255,2375,3255,2375,3504,1824,3504
2585,3255,3241,3255,3241,3491,2585,3491
3701,3294,4252,3294,4252,3465,3701,3465
;
4252,3307,4383,3307,4383,3425,4252,3425
;
2362,3386,2467,3386,2467,3504,2362,3504
;
4542,3452,5088,3430,5100,3712,4554,3735
;
3766,3517,4147,3517,4147,3806,3766,3806
;
5053,3543,5551,3543,5551,3701,5053,3701
;
1851,3581,2732,3596,2728,3827,1847,3812
;
3110,3583,3451,3583,3451,3780,3110,3780
;
4160,3596,4423,3596,4423,3858,4160,3858
;
3451,3635,3556,3635,3556,3753,3451,3753
3622,3622,3780,3622,3780,3753,3622,3753
;
2743,3648,2926,3648,2926,3780,2743,3780
;
4904,3798,5996,3778,6000,4014,4908,4033
;
1745,3845,2073,3845,2073,4108,1745,4108
2060,3832,2533,3832,2533,4108,2060,4108
4257,3825,4867,3863,4851,4118,4241,4080
;
2480,3858,3018,3858,3018,4108,2480,4108
3530,3898,4016,3898,4016,4081,3530,4081
;
4055,3911,4265,3911,4265,4147,4055,4147
;
3438,3937,3543,3937,3543,4081,3438,4081
;
2992,3950,3451,3950,3451,4134,2992,4134
;
2473,4294,3149,4150,3209,4435,2534,4579
;
3320,4160,3845,4160,3845,4410,3320,4410
;
4344,4173,5013,4173,5013,4370,4344,4370
5053,4173,5866,4173,5866,4370,5053,4370
;
4068,4213,4331,4213,4331,4383,4068,4383
;
2218,4239,2480,4239,2480,4436,2218,4436
;
3898,4252,4081,4252,4081,4396,3898,4396
;
1850,4291,2244,4291,2244,4449,1850,4449
;
2199,4779,2828,4364,3035,4679,2406,5093
;
3964,4447,4508,4417,4522,4675,3978,4705
;
5683,4436,6024,4436,6024,4659,5683,4659
;
4541,4436,4777,4436,4777,4685,4541,4685
;
2950,4595,3390,4441,3475,4685,3035,4839
;
4987,4449,5368,4449,5368,4672,4987,4672
;
4725,4462,4935,4462,4935,4685,4725,4685
5473,4488,5722,4488,5722,4672,5473,4672
;
5368,4528,5433,4528,5433,4659,5368,4659
;
1824,4554,2323,4554,2323,4751,1824,4751
;
3438,4567,3858,4567,3858,4711,3438,4711
;
4475,4751,4777,4751,4777,5000,4475,5000
5161,4758,5858,4784,5850,4999,5153,4973
;
3163,4790,3701,4790,3701,5040,3163,5040
;
2191,4830,2388,4830,2388,5066,2191,5066
;
4055,4830,4449,4830,4449,5026,4055,5026
;
4987,4830,5118,4830,5118,4961,4987,4961
;
4764,4843,4987,4843,4987,4974,4764,4974
;
3727,4856,3976,4856,3976,5013,3727,5013
;
2887,4908,3150,4908,3150,5040,2887,5040
;
2638,4921,2900,4921,2900,5053,2638,5053
;
1798,4961,2467,4961,2467,5394,1798,5394
;
5735,5013,6011,5013,6011,5263,5735,5263
;
5131,5053,5761,5053,5761,5276,5131,5276
;
4751,5079,5079,5079,5079,5315,4751,5315
;
3472,5159,4539,5126,4545,5328,3478,5361
;
2533,5158,2913,5158,2913,5394,2533,5394
;
4606,5184,4764,5184,4764,5394,4606,5394
;
2900,5210,3215,5210,3215,5341,2900,5341
;
4897,5470,5620,5373,5650,5593,4926,5690
;
5643,5381,6037,5381,6037,5578,5643,5578
;
4307,5415,4839,5383,4850,5576,4319,5608
;
2625,5394,2887,5394,2887,5656,2625,5656
4003,5394,4278,5394,4278,5643,4003,5643
;
3480,5400,3983,5422,3974,5625,3471,5604
;
2835,5446,3031,5446,3031,5643,2835,5643
;
3307,5460,3425,5460,3425,5604,3307,5604
;
1790,5545,2576,5463,2601,5705,1815,5786
;
3045,5473,3307,5473,3307,5617,3045,5617
;
5235,5619,5972,5665,5933,6286,5196,6240
;
4050,5674,5208,5651,5213,5898,4055,5921
;
3163,5696,4003,5696,4003,5945,3163,5945
;
2415,5788,3005,5788,3005,5985,2415,5985
;
1837,5801,2401,5801,2401,6024,1837,6024
;
3098,6005,4403,5944,4416,6226,3111,6287
;
4369,6020,5230,5959,5246,6191,4386,6252
;
2690,6037,3071,6037,3071,6300,2690,6300
;
2126,6116,2690,6116,2690,6326,2126,6326
;
1824,6208,2047,6208,2047,6339,1824,6339
;
4557,6323,4996,6305,5007,6574,4568,6592
5026,6313,5368,6313,5368,6588,5026,6588
5584,6305,6035,6329,6022,6584,5570,6560
;
3331,6485,3845,6389,3896,6659,3382,6756
;
3950,6405,4515,6405,4515,6575,3950,6575
5368,6418,5551,6418,5551,6575,5368,6575
;
3150,6510,3333,6510,3333,6641,3150,6641
;
2598,6523,2887,6523,2887,6667,2598,6667
2874,6523,3084,6523,3084,6654,2874,6654
;
2210,6579,2623,6542,2646,6795,2233,6833
;
1811,6562,2205,6562,2205,6759,1811,6759
;
4339,6692,4885,6821,4816,7108,4271,6978
;
4820,6767,5410,6699,5436,6928,4846,6995
;
5434,6787,5969,6732,5983,6874,5449,6930
;
3386,6772,4291,6772,4291,6982,3386,6982
;
3189,6798,3412,6798,3412,6995,3189,6995
;
2060,6811,3150,6811,3150,7087,2060,7087
;
1811,6943,2034,6943,2034,7074,1811,7074
;
3701,7048,4659,7048,4659,7284,3701,7284
;
5302,7048,5643,7048,5643,7231,5302,7231
;
5683,7087,5958,7087,5958,7218,5683,7218
;
3465,7100,3648,7100,3648,7297,3465,7297
;
2757,7145,3237,7105,3254,7309,2774,7349
;
3255,7113,3491,7113,3491,7297,3255,7297
;
4725,7113,5171,7113,5171,7258,4725,7258
;
4659,7153,4738,7153,4738,7258,4659,7258
;
2168,7261,2740,7210,2752,7351,2181,7402
;
1837,7271,2126,7271,2126,7415,1837,7415
;
4252,7310,4554,7310,4554,7612,4252,7612
;
4593,7350,4935,7350,4935,7599,4593,7599
;
2561,7484,3513,7372,3550,7691,2598,7803
;
4901,7434,5443,7401,5453,7564,4911,7598
;
3766,7415,3950,7415,3950,7625,3766,7625
3963,7402,4173,7402,4173,7625,3963,7625
;
3583,7428,3780,7428,3780,7638,3583,7638
;
2113,7520,2559,7520,2559,7770,2113,7770
;
1824,7546,2139,7546,2139,7783,1824,7783
;
4469,7723,5325,7701,5332,7960,4476,7983
;
4055,7756,4252,7756,4252,7993,4055,7993
;
3018,7783,3740,7783,3740,7993,3018,7993
;
3885,7796,4081,7796,4081,8006,3885,8006
4239,7796,4462,7796,4462,7993,4239,7993
;
2795,7835,3005,7835,3005,8032,2795,8032
;
2279,7917,2750,7854,2775,8047,2305,8110
;
1778,7916,2220,7875,2243,8132,1801,8173
;
