2234,228,2895,174,2907,322,2246,375
;
2940,183,3110,183,3110,301,2940,301
;
1677,222,2182,183,2198,388,1693,427
;
2296,472,2520,472,2520,630,2296,630
;
2638,485,2848,485,2848,879,2638,879
;
2047,498,2218,498,2218,656,2047,656
;
5000,515,5450,552,5431,778,4981,741
;
1513,543,1726,562,1685,1014,1472,995
;
4357,630,4725,630,4725,774,4357,774
;
2165,774,2323,774,2323,918,2165,918
;
1640,787,2100,787,2100,931,1640,931
;
2504,1296,2906,934,3084,1132,2682,1494
;
2008,984,2296,984,2296,1220,2008,1220
;
1535,1050,1745,1050,1745,1246,1535,1246
;
5294,1223,5623,1256,5612,1357,5284,1325
;
3202,1312,3294,1312,3294,1430,3202,1430
;
1548,1351,1890,1351,1890,1535,1548,1535
;
2205,1365,2585,1365,2585,1771,2205,1771
3871,1443,4121,1443,4121,1693,3871,1693
;
3320,1535,3596,1535,3596,1732,3320,1732
;
2296,1614,2664,1614,2664,2047,2296,2047
;
1508,1683,2109,1727,2080,2117,1479,2072
4265,1824,4580,1824,4580,1995,4265,1995
;
3045,1837,3189,1837,3189,2021,3045,2021
;
2388,1850,2795,1850,2795,2073,2388,2073
;
3465,1850,3675,1850,3675,2008,3465,2008
;
3990,1916,4186,1916,4186,2008,3990,2008
;
2874,1916,3058,1916,3058,2034,2874,2034
;
5000,2073,5263,2073,5263,2218,5000,2218
;
2781,2118,3307,2083,3323,2320,2796,2355
;
3838,2191,4481,2099,4516,2349,3873,2440
;
5276,2126,5525,2126,5525,2205,5276,2205
;
2205,2139,2677,2139,2677,2336,2205,2336
;
4383,2388,4606,2388,4606,2559,4383,2559
;
2585,2401,2926,2401,2926,2611,2585,2611
;
1863,2467,2257,2467,2257,2611,1863,2611
3232,2447,3680,2479,3670,2628,3221,2596
3740,2480,4068,2480,4068,2585,3740,2585
;
1541,2549,1863,2514,1873,2612,1552,2647
;
3858,2651,4383,2651,4383,2835,3858,2835
;
3320,2677,3583,2677,3583,2835,3320,2835
4719,2715,5051,2691,5057,2781,4725,2804
;
1762,2734,2296,2698,2311,2925,1777,2960
;
3675,2703,3793,2703,3793,2835,3675,2835
4357,2716,4672,2716,4672,2835,4357,2835
;
4311,3104,4861,2768,5003,3000,4454,3336
;
4278,2940,4567,2940,4567,3136,4278,3136
;
3226,2950,3371,3011,3192,3437,3047,3376
;
5145,2953,5355,2953,5355,3045,5145,3045
;
3727,2953,3924,2953,3924,3136,3727,3136
;
3268,2979,3530,2979,3530,3136,3268,3136
;
1741,3079,2360,2982,2422,3374,1803,3471
;
2808,3005,2966,3005,2966,3163,2808,3163
;
4564,3156,4879,3208,4812,3606,4497,3554
;
4816,3189,5250,3189,5250,3320,4816,3320
;
2124,3258,2755,3209,2772,3422,2140,3470
;
5276,3228,5551,3228,5551,3320,5276,3320
;
2703,3228,3163,3228,3163,3832,2703,3832
;
3766,3294,4003,3294,4003,3386,3766,3386
;
4796,3460,5206,3442,5214,3621,4804,3639
;
1859,3478,2597,3642,2537,3912,1799,3748
;
3320,3543,3675,3543,3675,3806,3320,3806
;
3990,3543,4370,3543,4370,3675,3990,3675
;
3727,3596,3911,3596,3911,3688,3727,3688
;
4764,3780,4987,3780,4987,3924,4764,3924
;
4961,3806,5355,3806,5355,3924,4961,3924
;
3994,3836,4355,3812,4365,3963,4004,3987
;
5394,3819,5591,3819,5591,3898,5394,3898
;
4323,3822,4681,3848,4670,4008,4312,3983
;
1598,3846,2135,3900,2114,4108,1577,4054
;
2103,3862,2839,3893,2832,4059,2096,4028
3084,3898,3701,3898,3701,4003,3084,4003
;
2874,3950,2992,3950,2992,4016,2874,4016
;
4716,4083,5193,4046,5204,4184,4726,4221
;
2013,4132,2842,4091,2865,4551,2036,4592
;
3727,4108,4318,4108,4318,4738,3727,4738
;
3465,4134,3648,4134,3648,4265,3465,4265
;
3014,4204,3425,4170,3433,4272,3023,4306
;
1578,4177,1777,4188,1754,4587,1555,4575
;
4830,4344,5263,4344,5263,4646,4830,4646
;
2585,4383,2835,4383,2835,4567,2585,4567
;
2913,4423,3438,4423,3438,4843,2913,4843
;
4081,4646,4593,4646,4593,4843,4081,4843
;
1740,4669,2238,4765,2205,4937,1707,4841
;
4969,4679,5097,4734,4946,5086,4818,5031
;
3202,4685,3727,4685,3727,4843,3202,4843
;
1588,4725,1745,4725,1745,4856,1588,4856
;
3665,5334,4510,4771,4803,5210,3958,5773
;
4961,4856,5591,4856,5591,5079,4961,5079
;
2430,4944,3073,5036,3021,5404,2377,5312
;
3609,4987,3937,4987,3937,5145,3609,5145
;
3346,5026,3701,5026,3701,5525,3346,5525
;
1780,5561,2308,5153,2508,5411,1980,5819
;
3005,5171,3268,5171,3268,5446,3005,5446
4515,5210,4698,5210,4698,5420,4515,5420
;
4015,5469,4627,5595,4516,6137,3903,6011
;
2201,5699,2703,5520,2780,5734,2278,5913
;
2848,5630,3333,5630,3333,5735,2848,5735
;
3491,5643,4108,5643,4108,6076,3491,6076
;
3123,5906,3438,5906,3438,6142,3123,6142
;
2283,5929,2959,5964,2944,6254,2268,6219
;
3622,6090,3976,6090,3976,6378,3622,6378
;
4731,6160,5697,6109,5724,6608,4757,6659
;
3530,6536,3780,6536,3780,6654,3530,6654
3780,6496,4029,6496,4029,6667,3780,6667
3904,6584,4778,6250,4907,6587,4032,6921
;
2900,6562,3360,6562,3360,6667,2900,6667
;
4134,6720,4291,6720,4291,6890,4134,6890
4646,6746,4935,6746,4935,6877,4646,6877
;
1627,6772,1995,6772,1995,6969,1627,6969
;
3661,6772,3845,6772,3845,6916,3661,6916
3898,6798,4029,6798,4029,6903,3898,6903
4331,6772,4659,6772,4659,6903,4331,6903
;
3465,6798,3609,6798,3609,6930,3465,6930
;
3164,6834,3403,6851,3396,6949,3157,6932
;
2336,6838,3346,6838,3346,7520,2336,7520
;
1968,6903,2375,6903,2375,7297,1968,7297
;
5204,6941,5666,6996,5642,7196,5180,7140
;
3346,7035,3963,7035,3963,7192,3346,7192
;
4843,7035,5000,7035,5000,7140,4843,7140
;
4001,7053,4451,7071,4435,7472,3985,7454
;
1588,7087,1981,7087,1981,7271,1588,7271
;
4486,7302,5164,7245,5203,7711,4525,7768
;
3386,7310,3937,7310,3937,7468,3386,7468
;
1620,7471,2463,7455,2469,7809,1627,7824
;
4987,7533,5525,7533,5525,7980,4987,7980
;
4331,7546,4580,7546,4580,7770,4331,7770
;
2979,7573,3530,7573,3530,7888,2979,7888
;
3780,7612,4108,7612,4108,7756,3780,7756
4095,7625,4291,7625,4291,7756,4095,7756
;
2461,7633,3277,7653,3267,8078,2451,8058
;
3596,7638,3806,7638,3806,7770,3596,7770
;
3608,7856,4581,7762,4612,8086,3639,8180
;
5197,7783,5407,7783,5407,7993,5197,7993
;
4620,7848,4803,7848,4803,8019,4620,8019
;
4777,7848,5000,7848,5000,7993,4777,7993
5381,7848,5565,7848,5565,7993,5381,7993
;
