800,69,924,46,936,108,812,131
991,66,1113,66,1113,118,991,118
;
1136,104,1165,104,1165,139,1136,139
;
29,127,160,131,159,165,28,162
;
547,142,701,142,701,188,547,188
895,133,947,133,947,194,895,194
;
941,144,1075,144,1075,194,941,194
;
521,147,547,147,547,179,521,179
;
265,152,353,149,354,185,266,189
354,155,462,147,464,182,356,189
472,162,510,162,510,185,472,185
742,150,889,150,889,191,742,191
;
211,165,260,165,260,185,211,185
;
28,176,81,176,81,211,28,211
;
762,197,904,197,904,234,762,234
917,189,1068,200,1065,239,914,229
;
153,210,264,217,262,245,152,239
260,208,313,208,313,234,260,234
330,208,379,208,379,234,330,234
375,209,451,203,453,231,377,237
463,211,504,211,504,234,463,234
504,205,628,205,628,234,504,234
637,199,756,199,756,249,637,249
;
269,252,382,252,382,281,269,281
460,249,518,249,518,286,460,286
521,252,614,252,614,278,521,278
622,248,709,244,711,275,623,278
727,246,918,246,918,284,727,284
930,243,1002,243,1002,272,930,272
;
394,257,452,257,452,289,394,289
;
594,286,666,286,666,324,594,324
899,278,1073,288,1071,331,897,321
;
270,299,354,303,353,332,268,327
394,295,486,295,486,327,394,327
504,295,579,295,579,324,504,324
667,291,737,295,735,328,665,324
779,292,901,295,900,335,778,332
;
675,339,750,339,750,371,675,371
842,334,956,330,957,367,843,371
959,336,1052,336,1052,365,959,365
;
150,340,251,353,247,387,145,373
;
484,342,530,342,530,373,484,373
;
266,344,350,344,350,391,266,391
389,349,474,343,477,377,392,383
527,344,631,344,631,391,527,391
;
110,356,150,356,150,373,110,373
347,350,379,350,379,373,347,373
631,350,666,350,666,371,631,371
750,344,805,344,805,379,750,379
811,347,840,347,840,382,811,382
;
536,379,585,379,585,420,536,420
582,385,692,385,692,420,582,420
950,382,1055,382,1055,414,950,414
;
359,388,408,388,408,423,359,423
895,388,950,388,950,426,895,426
;
260,404,345,390,352,428,267,442
;
402,391,455,391,455,420,402,420
;
161,401,224,391,229,425,166,435
;
460,394,527,394,527,420,460,420
702,393,757,397,755,418,700,414
759,397,828,397,828,417,759,417
837,394,889,394,889,414,837,414
;
847,421,1073,431,1071,473,845,463
;
663,441,786,425,791,465,668,480
;
238,442,355,432,359,473,241,483
;
785,434,840,434,840,466,785,466
;
356,437,591,441,590,486,356,481
;
591,440,660,440,660,469,591,469
;
173,455,231,455,231,475,173,475
;
707,475,799,475,799,510,707,510
;
289,486,417,486,417,521,289,521
426,484,507,484,507,518,426,518
521,484,573,484,573,513,521,513
576,486,649,486,649,515,576,515
663,486,704,486,704,518,663,518
797,478,959,478,959,521,797,521
956,481,1049,481,1049,510,956,510
;
199,489,281,489,281,524,199,524
;
649,521,788,521,788,611,649,611
857,518,1049,518,1049,614,857,614
;
350,527,402,527,402,565,350,565
402,527,481,527,481,568,402,568
481,527,599,527,599,568,481,568
608,533,640,533,640,565,608,565
652,527,675,527,675,562,652,562
786,531,859,539,856,564,783,556
982,533,1046,533,1046,553,982,553
;
144,547,214,547,214,573,144,573
263,536,330,536,330,576,263,576
;
617,568,652,568,652,608,617,608
;
263,573,382,573,382,617,263,617
;
397,576,478,576,478,608,397,608
486,582,513,582,513,608,486,608
527,579,591,579,591,608,527,608
597,579,620,579,620,605,597,605
808,576,872,576,872,602,808,602
;
191,591,226,591,226,631,191,631
;
113,597,191,597,191,614,113,614
;
762,611,855,611,855,646,762,646
857,617,895,617,895,646,857,646
895,613,1018,618,1016,650,894,646
;
663,620,701,620,701,652,663,652
707,623,753,623,753,652,707,652
1020,620,1084,620,1084,646,1020,646
;
347,626,379,626,379,666,347,666
;
266,628,350,628,350,655,266,655
382,626,452,626,452,655,382,655
457,626,550,626,550,652,457,652
550,628,611,628,611,652,550,652
620,626,657,626,657,652,620,652
;
762,657,846,657,846,710,762,710
950,666,1078,648,1085,696,957,713
;
637,660,759,660,759,715,637,715
;
843,660,953,660,953,695,843,695
;
150,684,214,684,214,701,150,701
269,669,313,669,313,701,269,701
314,675,480,668,482,703,316,710
486,669,527,669,527,701,486,701
533,672,640,672,640,698,533,698
;
942,712,1080,701,1082,735,945,746
;
142,724,226,724,226,747,142,747
272,715,437,715,437,759,272,759
437,715,469,715,469,744,437,744
475,718,539,718,539,744,475,744
559,713,591,713,591,744,559,744
597,724,666,724,666,747,597,747
675,710,782,710,782,759,675,759
776,707,869,707,869,759,776,759
872,707,941,707,941,753,872,753
;
118,760,240,738,248,785,126,806
;
494,773,643,748,653,805,504,830
;
944,756,1011,756,1011,788,944,788
;
272,756,501,756,501,843,272,843
;
904,759,939,759,939,788,904,788
;
78,768,118,768,118,802,78,802
643,770,747,770,747,791,643,791
747,770,837,770,837,791,747,791
840,769,902,760,907,796,845,805
;
23,782,78,782,78,814,23,814
;
16,815,296,790,303,868,24,893
;
930,795,1094,803,1091,850,928,843
;
481,797,501,797,501,817,481,817
;
463,802,478,802,478,823,463,823
;
414,805,466,805,466,837,414,837
634,802,794,802,794,846,634,846
791,802,898,802,898,843,791,843
;
901,808,918,808,918,828,901,828
;
507,811,599,811,599,849,507,849
;
611,811,634,811,634,834,611,834
;
284,849,446,849,446,889,284,889
489,849,556,849,556,886,489,886
562,855,626,855,626,884,562,884
632,857,789,840,793,882,637,899
802,857,834,857,834,878,802,878
837,846,1020,846,1020,892,837,892
1028,852,1072,852,1072,878,1028,878
;
23,863,104,866,103,889,22,886
156,872,185,872,185,889,156,889
191,866,240,866,240,889,191,889
246,869,278,869,278,889,246,889
;
435,885,656,907,652,953,430,930
;
1049,889,1086,889,1086,910,1049,910
;
118,892,211,892,211,927,118,927
;
10,911,117,893,122,923,15,941
849,892,1055,892,1055,947,849,947
;
249,895,272,895,272,921,249,921
;
752,901,840,897,841,924,753,929
;
214,898,249,898,249,918,214,918
;
278,898,428,898,428,930,278,930
;
645,909,755,899,759,945,649,955
;
185,924,249,924,249,953,185,953
;
130,930,185,930,185,962,130,962
;
46,941,98,941,98,970,46,970
901,930,1020,930,1020,973,901,973
;
394,941,475,941,475,979,394,979
478,944,594,944,594,985,478,985
;
756,944,884,944,884,994,756,994
;
14,947,46,947,46,973,14,973
333,947,382,947,382,979,333,979
1019,952,1080,948,1082,970,1020,974
;
276,957,335,952,338,988,279,992
594,953,660,953,660,988,594,988
662,953,750,949,752,988,663,992
;
98,956,272,956,272,997,98,997
;
14,979,92,979,92,1014,14,1014
;
275,994,373,994,373,1031,275,1031
603,999,691,991,694,1023,606,1031
786,995,1068,982,1070,1023,788,1035
;
376,999,440,999,440,1034,376,1034
434,997,570,997,570,1034,434,1034
570,999,608,999,608,1026,570,1026
707,997,785,997,785,1026,707,1026
;
163,1007,277,999,280,1038,166,1046
;
10,1019,106,1013,109,1051,12,1057
;
286,1028,372,1051,358,1104,272,1081
;
704,1045,914,1029,917,1068,707,1085
922,1039,1053,1046,1051,1076,920,1069
;
17,1060,52,1060,52,1078,17,1078
368,1049,455,1049,455,1086,368,1086
473,1052,550,1047,552,1083,476,1088
556,1049,704,1049,704,1086,556,1086
;
754,1082,844,1087,842,1120,752,1115
925,1070,1087,1074,1086,1127,924,1124
;
843,1084,895,1084,895,1136,843,1136
;
279,1091,410,1085,412,1118,281,1125
417,1086,440,1086,440,1118,417,1118
440,1086,539,1086,539,1124,440,1124
660,1092,698,1092,698,1124,660,1124
715,1089,744,1089,744,1118,715,1118
892,1089,930,1089,930,1118,892,1118
;
123,1102,228,1097,230,1135,124,1141
;
547,1101,652,1101,652,1121,547,1121
701,1098,713,1098,713,1115,701,1115
;
226,1101,278,1101,278,1136,226,1136
;
5,1130,71,1108,84,1149,19,1171
;
78,1113,121,1113,121,1144,78,1144
;
313,1135,481,1142,480,1180,311,1173
669,1131,757,1135,755,1169,668,1164
765,1130,927,1130,927,1179,765,1179
;
475,1136,524,1136,524,1191,475,1191
;
982,1136,1028,1136,1028,1165,982,1165
;
521,1139,562,1139,562,1170,521,1170
567,1142,660,1138,662,1176,568,1180
;
1028,1139,1069,1139,1069,1165,1028,1165
;
201,1146,283,1142,284,1176,202,1180
930,1141,985,1141,985,1173,930,1173
;
115,1162,205,1162,205,1188,115,1188
;
42,1209,265,1167,272,1209,50,1251
;
26,1168,75,1168,75,1191,26,1191
;
281,1176,356,1176,356,1211,281,1211
768,1179,887,1183,886,1214,767,1211
886,1176,1081,1176,1081,1220,886,1220
;
353,1182,443,1182,443,1217,353,1217
440,1186,756,1181,756,1220,440,1225
;
87,1248,187,1210,203,1252,104,1290
;
263,1223,344,1223,344,1260,263,1260
431,1223,455,1223,455,1255,431,1255
463,1217,530,1217,530,1260,463,1260
576,1223,808,1223,808,1260,576,1260
930,1226,968,1226,968,1255,930,1255
973,1223,1069,1223,1069,1255,973,1255
;
344,1231,362,1231,362,1257,344,1257
376,1237,434,1237,434,1257,376,1257
536,1231,573,1231,573,1257,536,1257
811,1228,892,1228,892,1266,811,1266
893,1237,933,1233,935,1254,896,1259
;
72,1237,98,1237,98,1281,72,1281
;
197,1240,220,1240,220,1257,197,1257
;
31,1243,75,1243,75,1266,31,1266
;
278,1269,330,1269,330,1307,278,1307
339,1269,495,1269,495,1307,339,1307
504,1269,533,1269,533,1310,504,1310
536,1269,675,1269,675,1304,536,1304
903,1274,1069,1268,1070,1304,904,1309
;
773,1272,820,1272,820,1318,773,1318
;
182,1281,246,1281,246,1304,182,1304
681,1275,770,1275,770,1307,681,1307
820,1272,904,1272,904,1304,820,1304
;
278,1324,350,1324,350,1353,278,1353
354,1327,509,1319,511,1355,356,1363
510,1324,573,1324,573,1353,510,1353
581,1324,700,1320,702,1354,582,1358
707,1321,765,1321,765,1356,707,1356
765,1324,933,1324,933,1353,765,1353
926,1331,1004,1312,1013,1348,935,1366
1003,1319,1088,1324,1086,1352,1001,1347
;
128,1328,192,1333,190,1367,125,1362
202,1336,266,1336,266,1356,202,1356
;
247,1354,419,1369,415,1416,243,1401
766,1374,895,1368,896,1403,768,1409
891,1368,1083,1360,1084,1395,892,1403
;
417,1370,507,1370,507,1414,417,1414
504,1370,617,1370,617,1414,504,1414
;
107,1373,185,1373,185,1399,107,1399
626,1370,739,1370,739,1399,626,1399
736,1373,770,1373,770,1402,736,1402
;
275,1411,365,1411,365,1443,275,1443
;
117,1412,182,1423,176,1457,111,1446
528,1420,642,1412,645,1444,530,1453
;
376,1414,426,1414,426,1443,376,1443
434,1414,515,1414,515,1449,434,1449
649,1414,692,1414,692,1446,649,1446
694,1419,825,1414,826,1446,696,1451
823,1420,909,1415,912,1453,826,1458
913,1420,959,1420,959,1443,913,1443
1008,1414,1057,1414,1057,1449,1008,1449
;
191,1426,269,1426,269,1475,191,1475
;
14,1428,113,1428,113,1492,14,1492
;
101,1434,130,1434,130,1466,101,1466
;
282,1449,440,1466,435,1513,277,1496
542,1453,769,1466,767,1506,540,1492
;
431,1457,533,1457,533,1492,431,1492
860,1463,878,1463,878,1489,860,1489
965,1460,1072,1460,1072,1492,965,1492
;
84,1469,185,1469,185,1492,84,1492
776,1463,857,1463,857,1498,776,1498
875,1463,953,1463,953,1492,875,1492
;
33,1498,234,1491,236,1533,34,1541
;
284,1500,473,1510,471,1550,282,1540
486,1504,608,1504,608,1550,486,1550
605,1512,623,1512,623,1533,605,1533
626,1504,756,1504,756,1544,626,1544
761,1507,953,1503,954,1542,762,1546
962,1507,1081,1507,1081,1547,962,1547
;
162,1518,269,1518,269,1556,162,1556
;
51,1545,162,1539,163,1565,52,1570
;
634,1541,724,1541,724,1594,634,1594
;
192,1561,355,1543,359,1586,197,1604
357,1559,535,1544,537,1581,360,1595
544,1547,637,1547,637,1597,544,1597
719,1555,831,1549,833,1597,721,1604
828,1550,956,1550,956,1588,828,1588
;
962,1553,997,1553,997,1579,962,1579
1002,1556,1075,1556,1075,1576,1002,1576
;
131,1573,199,1565,202,1590,133,1598
;
366,1586,532,1595,529,1640,364,1631
;
534,1606,735,1596,737,1642,537,1652
;
237,1597,359,1597,359,1628,237,1628
;
138,1598,219,1614,212,1649,131,1633
909,1606,999,1598,1002,1636,913,1644
;
811,1602,913,1602,913,1634,811,1634
;
733,1609,813,1602,816,1638,736,1644
;
