354,-88,708,223,593,354,239,41
;
49,89,206,-2,357,256,200,347
;
0,0,131,0,131,157,0,157
;
3020,413,3680,46,3854,359,3194,726
;
5004,270,5896,149,5971,700,5078,820
;
2345,156,3095,229,3074,438,2324,366
;
1968,157,2336,157,2336,315,1968,315
;
3858,183,4068,183,4068,380,3858,380
4108,196,4751,196,4751,393,4108,393
;
4790,210,5131,210,5131,406,4790,406
;
0,288,223,288,223,577,0,577
;
270,418,566,689,434,834,138,562
;
1929,446,2270,446,2270,603,1929,603
2401,433,2808,433,2808,630,2401,630
4213,433,4475,433,4475,643,4213,643
;
2848,472,3097,472,3097,656,2848,656
3307,459,3753,459,3753,669,3307,669
4029,511,4213,511,4213,643,4029,643
4515,485,4856,485,4856,630,4515,630
4830,498,5079,498,5079,630,4830,630
;
2979,525,4344,525,4344,971,2979,971
;
1785,643,1995,643,1995,892,1785,892
1959,653,2412,632,2423,890,1970,910
;
2401,643,2966,643,2966,997,2401,997
;
99,710,631,880,554,1119,22,949
;
4344,761,4895,761,4895,958,4344,958
;
15,1005,430,1212,357,1359,-57,1152
;
393,1246,498,1246,498,1391,393,1391
;
157,1430,472,1430,472,1680,157,1680
;
12,1744,490,1896,444,2041,-33,1889
;
12,1966,553,2198,441,2460,-99,2227
;
4134,2926,4357,2926,4357,3123,4134,3123
4444,2978,5916,2925,5922,3084,4450,3136
;
2748,2941,3357,3002,3341,3167,2731,3106
;
3333,3005,4003,3005,4003,3163,3333,3163
;
5407,3163,5958,3163,5958,3346,5407,3346
;
2270,3176,2900,3176,2900,3478,2270,3478
;
4703,3220,5405,3183,5414,3341,4712,3377
;
3170,3299,4631,3231,4640,3425,3180,3493
;
0,3255,131,3255,131,3386,0,3386
;
206,3279,464,3326,438,3467,181,3420
;
1737,3363,2177,3342,2185,3512,1745,3533
;
5578,3360,6011,3360,6011,3635,5578,3635
;
4685,3412,5263,3412,5263,3675,4685,3675
5289,3465,5551,3465,5551,3609,5289,3609
;
26,3478,328,3478,328,3727,26,3727
;
2572,3517,3570,3517,3570,3832,2572,3832
;
3360,3666,4887,3559,4916,3972,3389,4079
;
3837,3561,4310,3587,4302,3739,3828,3712
;
1771,3622,2191,3622,2191,3780,1771,3780
2205,3622,2546,3622,2546,3753,2205,3753
;
4943,3827,5415,3708,5463,3900,4991,4018
;
4738,3714,4987,3714,4987,3845,4738,3845
;
5460,3727,5945,3727,5945,3885,5460,3885
;
2244,3871,3425,3871,3425,4147,2244,4147
;
1741,3917,2148,3874,2168,4061,1761,4104
;
4601,4008,5505,4078,5489,4294,4584,4224
5512,4081,5643,4081,5643,4213,5512,4213
5630,4108,5998,4108,5998,4200,5630,4200
;
3045,4108,3228,4108,3228,4239,3045,4239
;
2641,4193,3618,4142,3628,4344,2652,4395
3704,4165,4592,4116,4604,4343,3717,4393
;
2109,4294,2581,4203,2613,4370,2141,4461
;
0,4239,393,4239,393,4370,0,4370
;
1745,4265,2034,4265,2034,4396,1745,4396
;
5210,4331,5341,4331,5341,4501,5210,4501
;
4908,4383,5223,4383,5223,4515,4908,4515
;
3097,4410,3438,4410,3438,4672,3097,4672
;
4339,4438,4763,4420,4768,4544,4344,4562
;
3515,4471,3999,4423,4016,4597,3533,4645
;
3990,4436,4344,4436,4344,4567,3990,4567
;
0,4528,131,4528,131,4698,0,4698
131,4488,433,4488,433,4738,131,4738
1722,4536,2159,4513,2170,4719,1733,4742
2218,4501,2467,4501,2467,4711,2218,4711
2471,4491,3106,4533,3092,4751,2457,4709
;
5473,4633,5722,4633,5722,4738,5473,4738
;
5066,4646,5446,4646,5446,4764,5066,4764
;
4620,4659,5000,4659,5000,4803,4620,4803
;
4042,4685,4515,4685,4515,4830,4042,4830
;
3577,4770,3997,4717,4017,4880,3597,4933
;
2617,4860,3333,4820,3340,4953,2625,4993
;
2300,4860,2636,4837,2647,4996,2311,5018
;
5473,4843,5840,4843,5840,4974,5473,4974
;
0,4882,210,4882,210,5013,0,5013
4895,4882,5355,4882,5355,5040,4895,5040
;
4545,4945,4853,4893,4878,5044,4570,5096
;
3645,4936,4593,4920,4599,5227,3650,5244
;
1758,4935,2178,4935,2178,5053,1758,5053
;
1669,5271,2504,4992,2606,5299,1771,5578
;
3123,5040,3530,5040,3530,5223,3123,5223
;
2612,5094,3134,5054,3148,5232,2625,5273
;
-7,5216,229,5173,252,5301,16,5344
4387,5204,5260,5150,5271,5320,4398,5374
;
4095,5250,4370,5250,4370,5407,4095,5407
;
3130,5319,3804,5296,3812,5521,3137,5544
3845,5315,4042,5315,4042,5525,3845,5525
;
2165,5460,3099,5343,3128,5579,2195,5695
;
-28,5502,357,5425,391,5591,5,5668
;
4792,5534,5091,5504,5104,5628,4805,5658
;
4360,5556,4801,5521,4812,5666,4372,5701
;
1758,5591,2073,5591,2073,5722,1758,5722
3887,5610,4330,5569,4342,5704,3900,5744
;
2756,5713,3723,5646,3741,5912,2774,5979
;
1697,5766,2691,5664,2717,5925,1723,6026
;
3449,5920,4371,5702,4445,6012,3523,6231
;
5026,5840,5276,5840,5276,5945,5026,5945
;
4262,6049,5109,5979,5129,6219,4282,6289
;
2476,6102,3420,5982,3439,6130,2495,6250
;
1673,6101,2415,6023,2441,6268,1699,6346
;
5131,6037,5893,6037,5893,6208,5131,6208
;
2963,6218,4183,6121,4201,6352,2981,6449
;
3502,6529,4715,6300,4812,6814,3599,7043
;
2625,6326,2900,6326,2900,6483,2625,6483
5125,6320,5575,6302,5581,6469,5132,6487
;
1666,6378,2546,6378,2546,6588,1666,6588
;
4830,6378,5105,6378,5105,6523,4830,6523
;
3701,6431,4055,6431,4055,6772,3701,6772
;
2988,6542,3669,6480,3691,6720,3010,6782
;
2129,6677,2909,6617,2921,6771,2140,6831
4738,6654,5525,6654,5525,6798,4738,6798
;
1709,6714,2059,6687,2070,6834,1721,6861
;
2532,6931,3486,6780,3516,6965,2561,7116
;
1706,6930,2546,6930,2546,7126,1706,7126
;
4197,7022,5078,7000,5081,7132,4200,7154
;
3131,7119,3713,7093,3719,7215,3137,7241
;
2808,7166,3110,7166,3110,7258,2808,7258
;
2250,7201,2780,7166,2789,7294,2258,7329
;
1981,7179,2191,7179,2191,7350,1981,7350
;
3425,7783,4055,7783,4055,8098,3425,8098
;
