851,52,921,52,921,107,851,107
994,43,1129,53,1125,113,990,103
;
813,58,845,58,845,107,813,107
;
1133,75,1159,75,1159,116,1133,116
;
531,116,630,116,630,165,531,165
;
755,119,953,119,953,171,755,171
;
624,122,761,122,761,174,624,174
950,127,1104,131,1103,174,949,170
;
53,132,264,161,247,291,35,262
;
476,142,528,142,528,174,476,174
;
354,145,465,145,465,165,354,165
;
267,180,322,180,322,217,267,217
;
421,180,462,180,462,209,421,209
520,180,604,180,604,212,520,212
;
328,186,363,186,363,215,328,215
476,186,517,186,517,215,476,215
;
616,186,688,186,688,209,616,209
;
372,188,424,188,424,220,372,220
;
773,206,839,206,839,255,773,255
;
839,215,996,215,996,255,839,255
;
991,217,1060,217,1060,247,991,247
;
723,220,773,220,773,261,723,261
;
565,235,708,231,709,261,566,265
;
441,238,558,238,558,276,441,276
;
249,241,369,241,369,267,249,267
;
380,244,433,244,433,281,380,281
;
31,255,93,255,93,296,31,296
;
746,264,842,264,842,302,746,302
996,264,1040,264,1040,305,996,305
;
8,264,154,264,154,357,8,357
;
851,267,883,267,883,296,851,296
;
520,273,595,273,595,305,520,305
886,270,999,270,999,305,886,305
;
674,276,697,276,697,308,674,308
697,279,746,279,746,302,697,302
;
340,284,435,284,435,310,340,310
438,281,508,281,508,316,438,316
595,281,665,281,665,313,595,313
;
276,290,328,290,328,313,276,313
;
645,322,677,322,677,351,645,351
828,313,1060,313,1060,357,828,357
;
488,325,531,325,531,357,488,357
;
685,325,720,325,720,348,685,348
720,325,796,325,796,351,720,351
;
616,328,645,328,645,354,616,354
;
529,330,611,334,609,370,527,366
;
401,331,435,331,435,360,401,360
;
273,334,340,334,340,366,273,366
349,339,397,334,399,356,352,362
433,334,488,334,488,369,433,369
;
154,348,264,348,264,392,154,392
;
856,360,1080,352,1083,431,859,439
;
113,354,156,354,156,395,113,395
816,360,851,360,851,389,816,389
;
700,363,767,363,767,401,700,401
;
450,369,511,369,511,409,450,409
;
508,369,563,369,563,403,508,403
764,369,819,369,819,403,764,403
;
372,375,450,370,452,409,374,414
;
273,374,377,374,377,421,273,421
;
636,374,691,374,691,412,636,412
;
112,420,278,396,286,453,120,477
;
959,401,1084,401,1084,438,959,438
;
578,403,656,403,656,450,578,450
;
834,403,912,403,912,444,834,444
909,409,935,409,935,438,909,438
;
729,412,816,412,816,444,729,444
;
496,415,566,415,566,453,496,453
653,415,720,415,720,453,653,453
;
303,428,437,419,440,451,305,461
;
447,421,494,421,494,453,447,453
;
-11,517,191,431,224,510,21,596
;
982,453,1049,453,1049,499,982,499
;
194,462,235,462,235,491,194,491
679,464,796,460,797,490,680,494
846,457,980,462,978,501,844,496
;
799,462,834,462,834,488,799,488
;
379,477,557,465,559,503,381,515
;
565,473,667,468,669,493,566,498
;
274,474,374,468,376,498,276,504
;
212,479,258,479,258,511,212,511
;
976,485,1092,485,1092,526,976,526
;
838,505,952,501,954,532,840,537
;
751,517,828,511,829,532,753,538
956,511,979,511,979,537,956,537
;
377,514,491,514,491,546,377,546
511,514,578,514,578,543,511,543
;
651,517,709,517,709,563,651,563
;
49,540,212,517,218,561,56,584
;
279,519,367,522,366,552,278,549
;
706,520,738,520,738,543,706,543
;
575,520,645,520,645,549,575,549
;
223,523,270,523,270,587,223,587
;
482,555,552,555,552,589,482,589
767,545,991,550,990,596,766,591
993,549,1098,549,1098,587,993,587
;
645,555,752,555,752,598,645,598
;
415,555,492,566,486,610,409,600
;
265,564,409,559,411,615,267,619
;
553,563,639,559,640,589,555,593
;
276,596,471,601,470,647,275,642
;
696,603,874,596,875,626,697,634
1003,601,1068,596,1071,632,1006,637
;
479,604,589,604,589,636,479,636
604,607,685,607,685,639,604,639
877,601,982,601,982,642,877,642
;
950,630,999,630,999,668,950,668
;
789,650,883,631,890,669,796,688
;
1002,642,1069,642,1069,668,1002,668
;
485,647,623,654,620,696,483,689
685,645,764,645,764,694,685,694
;
433,653,479,653,479,685,433,685
636,648,691,648,691,685,636,685
758,651,790,651,790,677,758,677
895,648,947,648,947,682,895,682
;
305,662,383,662,383,688,305,688
;
665,703,857,680,863,727,671,750
;
864,692,923,687,926,720,866,724
973,685,1069,685,1069,723,973,723
;
921,688,970,688,970,732,921,732
;
517,697,746,697,746,828,517,828
;
412,700,508,700,508,749,412,749
;
264,706,401,706,401,790,264,790
883,735,924,735,924,764,883,764
931,735,1028,731,1029,764,933,767
1031,738,1066,738,1066,761,1031,761
;
703,738,741,738,741,770,703,770
;
659,741,691,741,691,773,659,773
744,746,848,746,848,770,744,770
842,741,886,741,886,770,842,770
;
383,746,592,746,592,793,383,793
;
639,755,662,755,662,775,639,775
;
183,755,258,755,258,793,183,793
;
449,806,668,778,679,866,461,894
;
280,802,363,797,364,824,282,829
367,797,440,803,438,828,364,822
447,799,482,799,482,825,447,825
531,799,584,799,584,822,531,822
;
146,807,465,836,458,909,140,880
;
244,810,279,810,279,828,244,828
;
679,835,910,810,915,858,685,884
;
915,813,976,813,976,863,915,863
;
973,828,1084,828,1084,871,973,871
;
917,872,1077,869,1078,903,918,907
;
398,877,441,877,441,918,398,918
555,877,700,877,700,918,555,918
;
767,877,906,877,906,909,767,909
;
703,886,761,886,761,912,703,912
;
508,889,558,889,558,930,508,930
;
302,892,325,892,325,921,302,921
325,892,401,892,401,918,325,918
438,895,502,895,502,915,438,915
;
151,903,223,903,223,927,151,927
;
276,933,432,929,435,1016,279,1021
;
441,938,459,938,459,961,441,961
;
459,944,581,944,581,964,459,964
;
130,947,194,947,194,970,130,970
;
191,961,279,961,279,1023,191,1023
;
764,963,861,967,860,1006,763,1002
;
944,964,1075,964,1075,999,944,999
;
871,967,938,967,938,1002,871,1002
;
645,968,748,974,745,1020,643,1014
;
427,985,543,985,543,1025,427,1025
;
549,985,633,985,633,1011,549,1011
;
104,998,188,994,189,1014,104,1018
;
682,1033,763,1010,774,1052,693,1074
;
834,1021,975,1011,978,1051,837,1062
;
982,1014,1037,1014,1037,1046,982,1046
;
764,1017,793,1017,793,1049,764,1049
;
528,1020,688,1020,688,1066,528,1066
;
796,1023,842,1023,842,1049,796,1049
;
276,1028,374,1028,374,1069,276,1069
380,1025,450,1025,450,1075,380,1075
450,1028,526,1028,526,1072,450,1072
;
171,1049,209,1049,209,1069,171,1069
215,1043,261,1043,261,1072,215,1072
;
909,1054,991,1054,991,1095,909,1095
;
760,1067,874,1063,875,1095,761,1099
;
443,1069,592,1064,593,1101,444,1106
;
277,1074,368,1070,370,1110,279,1114
;
604,1075,758,1075,758,1121,604,1121
;
363,1084,430,1084,430,1118,363,1118
;
142,1088,277,1096,276,1125,141,1118
;
756,1092,1012,1100,1010,1155,754,1147
;
546,1116,636,1116,636,1150,546,1150
703,1116,758,1116,758,1145,703,1145
;
479,1118,549,1118,549,1156,479,1156
;
331,1125,397,1120,400,1161,334,1166
;
284,1121,331,1121,331,1153,284,1153
;
435,1121,476,1121,476,1165,435,1165
;
648,1124,700,1124,700,1145,648,1145
;
395,1127,433,1127,433,1159,395,1159
;
186,1133,276,1133,276,1162,186,1162
;
290,1175,473,1153,479,1197,296,1220
;
139,1182,203,1182,203,1200,139,1200
;
620,1207,728,1203,730,1237,622,1241
731,1212,921,1208,921,1236,732,1240
927,1200,1031,1200,1031,1246,927,1246
;
271,1215,374,1210,375,1243,273,1248
569,1214,616,1214,616,1240,569,1240
;
444,1217,560,1217,560,1252,444,1252
;
389,1220,441,1220,441,1258,389,1258
;
396,1250,585,1264,583,1300,393,1286
598,1249,717,1249,717,1296,598,1296
;
837,1252,979,1252,979,1284,837,1284
;
281,1261,353,1252,356,1282,285,1291
720,1255,837,1255,837,1293,720,1293
;
142,1267,255,1267,255,1287,142,1287
;
970,1309,1051,1295,1057,1326,975,1339
;
366,1296,511,1296,511,1386,366,1386
;
607,1299,761,1299,761,1348,607,1348
;
767,1299,967,1299,967,1331,767,1331
;
131,1300,288,1305,287,1338,130,1333
560,1304,601,1304,601,1333,560,1333
;
287,1307,395,1307,395,1339,287,1339
;
482,1307,560,1307,560,1333,482,1333
;
1031,1336,1089,1336,1089,1371,1031,1371
;
947,1346,1027,1337,1030,1371,950,1379
;
511,1338,610,1351,605,1396,505,1384
;
854,1345,930,1345,930,1374,854,1374
;
616,1348,685,1348,685,1383,616,1383
700,1348,784,1348,784,1386,700,1386
;
784,1348,848,1348,848,1377,784,1377
;
262,1357,365,1352,368,1394,265,1400
;
241,1357,264,1357,264,1389,241,1389
;
1099,1359,1205,1368,1202,1402,1097,1393
;
406,1386,505,1386,505,1429,406,1429
925,1385,1087,1395,1085,1435,922,1425
;
703,1395,816,1395,816,1435,703,1435
;
501,1400,641,1395,642,1424,502,1429
857,1395,912,1395,912,1429,857,1429
;
816,1397,860,1397,860,1421,816,1421
;
159,1397,200,1397,200,1435,159,1435
203,1406,255,1406,255,1429,203,1429
264,1397,406,1397,406,1432,264,1432
651,1403,703,1403,703,1424,651,1424
;
122,1411,286,1452,273,1503,110,1463
;
500,1459,637,1442,641,1472,504,1489
;
281,1444,380,1444,380,1479,281,1479
380,1444,494,1444,494,1482,380,1482
;
775,1447,848,1447,848,1470,775,1470
;
677,1447,775,1447,775,1479,677,1479
;
898,1473,1043,1473,1043,1531,898,1531
;
200,1482,403,1482,403,1531,200,1531
;
470,1482,499,1482,499,1517,470,1517
;
700,1485,889,1485,889,1534,700,1534
;
508,1490,639,1490,639,1537,508,1537
;
651,1493,697,1493,697,1519,651,1519
;
409,1496,465,1496,465,1531,409,1531
;
1040,1522,1098,1522,1098,1554,1040,1554
;
883,1528,967,1528,967,1557,883,1557
979,1528,1037,1528,1037,1557,979,1557
;
395,1534,520,1534,520,1566,395,1566
779,1529,875,1533,874,1571,778,1566
;
290,1546,331,1546,331,1569,290,1569
331,1540,389,1540,389,1578,331,1578
526,1537,775,1537,775,1578,526,1578
;
731,1587,865,1565,871,1608,737,1629
;
360,1590,478,1580,481,1619,363,1628
;
476,1583,601,1583,601,1612,476,1612
889,1586,930,1586,930,1607,889,1607
;
331,1586,360,1586,360,1615,331,1615
;
290,1595,325,1595,325,1615,290,1615
604,1586,735,1586,735,1624,604,1624
;
