818,58,947,53,949,112,820,116
990,70,1108,59,1112,105,994,115
;
1123,86,1161,86,1161,121,1123,121
;
277,114,416,139,405,199,266,174
1012,137,1088,131,1091,164,1014,169
;
87,143,194,147,193,184,85,180
199,150,265,150,265,173,199,173
413,144,456,144,456,176,413,176
462,147,502,147,502,173,462,173
505,150,522,150,522,173,505,173
534,141,719,145,718,190,533,186
725,134,845,142,841,196,722,188
840,138,1011,138,1011,187,840,187
;
199,187,245,187,245,222,199,222
268,187,343,187,343,234,268,234
402,195,495,183,501,227,407,238
491,187,580,187,580,231,491,231
782,194,897,182,902,225,787,237
;
947,187,1025,187,1025,216,947,216
1031,187,1089,187,1089,216,1031,216
;
17,187,205,187,205,277,17,277
;
349,196,404,196,404,222,349,222
589,193,670,193,670,219,589,219
667,191,775,196,773,226,666,221
892,193,947,193,947,219,892,219
;
471,225,629,240,625,281,468,267
;
999,228,1083,228,1083,262,999,262
;
827,233,1059,239,1057,324,825,318
;
14,234,80,234,80,283,14,283
;
277,234,401,234,401,265,277,265
;
410,239,470,239,470,277,410,277
648,234,778,242,775,293,645,285
;
228,242,274,242,274,262,228,262
774,239,878,239,878,268,774,268
;
138,286,228,286,228,314,138,314
338,280,432,288,430,319,336,311
430,280,491,280,491,317,430,317
491,283,540,283,540,320,491,320
552,284,668,292,666,324,550,317
682,286,816,275,819,316,685,327
;
274,288,340,288,340,335,274,335
;
210,343,262,343,262,361,210,361
271,335,335,335,335,361,271,361
336,339,428,323,434,362,342,378
439,330,547,334,545,364,438,360
548,335,800,335,800,378,548,378
808,332,892,332,892,361,808,361
893,333,1070,319,1074,372,897,386
;
274,375,355,375,355,413,274,413
547,369,639,382,632,431,540,418
;
150,384,198,379,201,403,153,409
205,377,270,381,268,408,203,404
358,381,531,381,531,407,358,407
635,375,658,375,658,407,635,407
658,381,710,381,710,407,658,407
713,381,794,381,794,407,713,407
791,381,878,381,878,410,791,410
881,384,982,384,982,407,881,407
988,381,1025,381,1025,407,988,407
1019,375,1083,375,1083,418,1019,418
;
193,439,280,439,280,459,193,459
280,426,405,434,404,463,279,456
404,427,436,427,436,459,404,459
442,427,572,427,572,462,442,462
572,424,702,424,702,476,572,476
722,439,762,439,762,459,722,459
777,439,878,439,878,456,777,456
;
213,473,349,473,349,520,213,520
349,472,445,476,444,510,348,506
439,470,600,470,600,522,439,522
606,476,684,476,684,508,606,508
689,478,796,467,800,511,694,522
797,468,895,468,895,502,797,502
933,462,1106,462,1106,522,933,522
;
346,520,459,520,459,551,346,551
771,511,817,511,817,551,771,551
820,520,911,527,909,555,818,548
987,519,1112,504,1117,541,991,557
;
147,531,210,531,210,554,147,554
236,531,288,531,288,551,236,551
283,528,312,528,312,554,283,554
468,525,540,525,540,551,468,551
548,528,629,528,629,554,548,554
643,528,776,524,778,564,644,568
913,526,996,521,998,561,916,567
;
454,553,764,569,759,672,449,656
;
281,556,377,575,368,623,271,604
;
372,563,447,563,447,598,372,598
771,563,886,563,886,598,771,598
892,566,979,566,979,598,892,598
981,565,1094,560,1095,594,982,599
;
813,606,1005,624,998,703,806,686
;
280,609,413,609,413,644,280,644
716,609,803,609,803,647,716,647
1005,612,1063,612,1063,647,1005,647
;
457,613,587,621,584,669,454,661
;
187,615,262,615,262,644,187,644
938,618,996,618,996,644,938,644
;
46,624,124,624,124,658,46,658
;
78,661,180,653,183,690,81,698
615,655,661,655,661,690,615,690
665,663,850,648,854,692,669,708
;
179,670,268,670,268,704,179,704
267,671,391,659,395,702,272,715
398,670,459,670,459,710,398,710
456,664,598,664,598,696,456,696
1002,661,1094,661,1094,704,1002,704
;
332,707,430,707,430,739,332,739
439,710,482,710,482,739,439,739
491,704,624,704,624,742,491,742
635,704,728,704,728,748,635,748
736,713,863,713,863,751,736,751
860,710,884,710,884,739,860,739
886,713,1112,713,1112,751,886,751
;
271,713,444,713,444,797,271,797
;
127,719,187,719,187,739,127,739
187,716,216,716,216,739,187,739
225,722,260,722,260,739,225,739
;
531,754,696,754,696,811,531,811
841,751,1015,761,1012,809,838,799
;
442,754,580,754,580,837,442,837
;
124,768,193,768,193,788,124,788
193,765,248,765,248,788,193,788
716,758,835,763,833,806,714,801
1019,762,1115,762,1115,791,1019,791
;
577,794,858,794,858,886,577,886
;
150,800,236,800,236,832,150,832
277,803,358,803,358,832,277,832
358,802,438,795,440,828,361,835
806,797,892,797,892,849,806,849
892,811,915,811,915,834,892,834
918,803,1016,803,1016,834,918,834
1023,801,1105,795,1108,837,1025,842
;
124,847,269,855,268,886,123,878
338,846,390,846,390,878,338,878
869,845,1017,849,1016,884,869,881
;
277,849,340,849,340,895,277,895
401,849,586,849,586,901,401,901
592,855,661,855,661,895,592,895
1007,858,1122,848,1126,892,1011,902
;
280,886,326,886,326,924,280,924
332,884,410,884,410,927,332,927
;
173,901,219,901,219,921,173,921
222,904,271,904,271,921,222,921
413,901,502,901,502,927,413,927
502,898,603,898,603,927,502,927
606,901,664,901,664,927,606,927
667,894,758,898,756,928,666,924
756,895,803,895,803,930,756,930
806,901,869,901,869,936,806,936
872,895,950,895,950,924,872,924
953,893,1081,899,1080,934,952,928
;
153,936,213,936,213,982,153,982
213,947,260,947,260,967,213,967
266,937,376,941,375,974,265,970
382,945,516,938,518,973,384,980
598,941,647,941,647,979,598,979
641,941,658,941,658,970,641,970
652,947,730,947,730,973,652,973
736,950,803,950,803,973,736,973
807,948,946,936,949,973,810,984
947,947,973,947,973,976,947,976
976,938,1071,938,1071,982,976,982
;
346,979,427,979,427,1016,346,1016
;
277,982,387,982,387,1066,277,1066
;
132,988,228,988,228,1016,132,1016
228,988,265,988,265,1016,228,1016
433,990,569,990,569,1019,433,1019
577,993,609,993,609,1019,577,1019
610,986,781,994,779,1029,608,1020
788,996,878,996,878,1025,788,1025
886,996,1088,991,1090,1032,887,1037
;
128,1034,204,1029,206,1060,130,1064
265,1037,297,1037,297,1066,265,1066
388,1027,585,1041,582,1078,385,1063
589,1028,641,1028,641,1071,589,1071
638,1029,715,1034,713,1070,636,1065
710,1037,872,1037,872,1068,710,1068
878,1037,996,1037,996,1063,878,1063
;
272,1086,349,1082,351,1124,275,1128
410,1083,488,1083,488,1112,410,1112
496,1083,609,1083,609,1120,496,1120
621,1077,815,1084,813,1125,620,1117
912,1080,1037,1080,1037,1109,912,1109
1040,1083,1112,1083,1112,1112,1040,1112
;
349,1084,523,1096,519,1166,344,1155
;
121,1086,239,1086,239,1112,121,1112
814,1089,834,1089,834,1106,814,1106
840,1086,878,1086,878,1106,840,1106
;
847,1110,1082,1125,1078,1176,843,1160
;
710,1118,915,1118,915,1207,710,1207
;
113,1130,192,1140,189,1167,109,1157
271,1129,346,1129,346,1167,271,1167
527,1122,652,1136,648,1171,523,1157
655,1132,722,1132,722,1175,655,1175
;
988,1175,1100,1165,1103,1201,992,1211
;
496,1167,572,1167,572,1253,496,1253
;
276,1176,363,1171,365,1209,278,1214
442,1172,488,1172,488,1210,442,1210
;
574,1172,707,1172,707,1230,574,1230
;
182,1175,236,1175,236,1201,182,1201
378,1175,442,1175,442,1216,378,1216
909,1182,990,1175,994,1216,913,1223
;
141,1181,182,1181,182,1198,141,1198
;
318,1209,455,1219,452,1255,315,1244
;
621,1212,819,1218,817,1302,619,1296
;
268,1213,320,1213,320,1265,268,1265
825,1213,959,1227,953,1276,820,1262
989,1214,1094,1222,1091,1264,986,1256
;
106,1222,196,1222,196,1253,106,1253
202,1222,257,1222,257,1248,202,1248
462,1230,531,1230,531,1250,462,1250
551,1222,609,1222,609,1262,551,1262
959,1222,985,1222,985,1253,959,1253
;
476,1256,569,1256,569,1300,476,1300
;
364,1256,479,1268,474,1316,360,1305
;
123,1260,202,1271,197,1305,118,1293
202,1262,234,1262,234,1291,202,1291
274,1258,353,1262,352,1292,273,1288
569,1262,658,1262,658,1297,569,1297
818,1263,894,1270,891,1303,815,1297
;
995,1275,1090,1265,1094,1305,1000,1316
;
655,1268,713,1268,713,1297,655,1297
;
898,1268,993,1268,993,1317,898,1317
;
245,1274,265,1274,265,1294,245,1294
;
213,1305,265,1305,265,1334,213,1334
271,1302,320,1302,320,1352,271,1352
318,1302,463,1307,462,1342,316,1337
;
759,1315,849,1309,852,1359,763,1365
;
121,1311,213,1311,213,1334,121,1334
;
537,1311,681,1311,681,1363,537,1363
687,1311,762,1311,762,1349,687,1349
;
476,1314,531,1314,531,1343,476,1343
855,1317,910,1317,910,1346,855,1346
907,1314,1074,1314,1074,1352,907,1352
;
138,1349,164,1349,164,1378,138,1378
270,1353,346,1349,347,1380,271,1384
352,1350,437,1356,435,1389,350,1383
;
457,1351,642,1373,631,1463,446,1441
;
442,1354,485,1354,485,1392,442,1392
640,1364,788,1356,790,1395,642,1404
;
167,1357,213,1357,213,1380,167,1380
;
558,1360,634,1367,631,1401,554,1393
788,1363,852,1363,852,1392,788,1392
864,1361,1009,1370,1007,1400,862,1391
;
945,1383,1086,1367,1096,1446,954,1463
;
1034,1369,1097,1369,1097,1395,1034,1395
;
272,1394,449,1403,446,1454,269,1444
638,1409,704,1409,704,1450,638,1450
704,1401,748,1401,748,1435,704,1435
748,1406,875,1406,875,1435,748,1435
878,1401,953,1401,953,1444,878,1444
;
167,1440,272,1444,270,1478,166,1474
;
826,1444,941,1444,941,1490,826,1490
;
585,1450,820,1445,821,1504,587,1508
;
277,1450,343,1450,343,1476,277,1476
346,1456,358,1456,358,1473,346,1473
358,1453,418,1453,418,1479,358,1479
422,1452,593,1459,592,1487,421,1480
1014,1456,1110,1461,1109,1491,1012,1487
;
947,1458,1014,1458,1014,1499,947,1499
;
477,1476,569,1504,553,1555,461,1527
;
355,1487,439,1487,439,1525,355,1525
;
608,1503,1123,1492,1125,1588,609,1598
;
280,1500,343,1495,346,1533,283,1538
439,1505,453,1505,453,1522,439,1522
815,1495,874,1499,872,1535,812,1531
;
560,1505,647,1505,647,1551,560,1551
647,1510,681,1510,681,1531,647,1531
699,1505,806,1505,806,1545,699,1545
;
280,1542,338,1542,338,1568,280,1568
335,1545,378,1545,378,1571,335,1571
390,1536,462,1536,462,1571,390,1571
465,1541,544,1547,542,1578,463,1572
;
494,1554,615,1554,615,1626,494,1626
;
274,1588,343,1588,343,1632,274,1632
340,1588,404,1588,404,1626,340,1626
407,1591,488,1591,488,1617,407,1617
615,1589,729,1594,727,1625,614,1620
794,1597,837,1597,837,1623,794,1623
837,1597,933,1597,933,1629,837,1629
;
941,1597,1037,1597,1037,1649,941,1649
1034,1597,1074,1597,1074,1638,1034,1638
;
736,1600,794,1600,794,1626,736,1626
;
