325,222,395,222,395,251,325,251
387,227,437,216,444,249,394,260
433,216,471,216,471,249,433,249
471,216,544,216,544,249,471,249
541,219,600,219,600,251,541,251
603,225,612,225,612,249,603,249
612,219,676,219,676,254,612,254
685,222,802,222,802,254,685,254
802,222,832,222,832,254,802,254
829,225,908,225,908,257,829,257
916,228,943,228,943,257,916,257
;
943,234,993,234,993,263,943,263
993,231,1040,231,1040,266,993,266
1040,231,1157,231,1157,263,1040,263
;
495,249,827,264,825,303,493,288
;
325,251,474,251,474,287,325,287
;
480,263,498,263,498,284,480,284
823,260,931,260,931,292,823,292
931,262,1003,267,1001,297,929,292
1104,266,1160,266,1160,298,1104,298
;
1007,269,1098,269,1098,301,1007,301
;
366,290,398,290,398,319,366,319
413,290,568,290,568,319,413,319
;
325,295,369,295,369,319,325,319
401,292,416,292,416,319,401,319
568,292,603,292,603,322,568,322
602,298,713,291,715,325,604,331
732,292,770,292,770,325,732,325
770,295,853,299,852,329,768,325
861,298,887,298,887,328,861,328
;
993,306,1077,298,1080,330,996,338
1077,299,1160,313,1154,346,1071,332
;
717,304,735,304,735,325,717,325
887,304,937,304,937,336,887,336
934,304,996,304,996,333,934,333
;
325,325,430,325,430,354,325,354
439,331,486,331,486,363,439,363
489,325,536,325,536,357,489,357
536,331,583,331,583,363,536,363
583,333,647,333,647,357,583,357
644,328,670,328,670,357,644,357
671,326,734,331,731,362,668,357
732,333,744,333,744,357,732,357
796,333,908,333,908,363,796,363
911,333,952,333,952,363,911,363
1025,333,1119,333,1119,366,1025,366
;
744,336,799,336,799,360,744,360
949,335,1026,340,1024,368,947,362
1145,342,1154,342,1154,363,1145,363
;
328,356,446,359,445,393,327,389
466,354,581,358,579,393,464,389
580,360,629,360,629,392,580,392
629,363,656,363,656,392,629,392
;
765,371,863,363,865,397,768,405
975,375,1053,366,1057,400,979,409
;
448,369,465,369,465,389,448,389
;
656,369,706,369,706,401,656,401
706,372,767,372,767,401,706,401
881,369,978,369,978,401,881,401
;
1057,372,1157,372,1157,410,1057,410
;
328,395,427,395,427,424,328,424
421,395,474,395,474,424,421,424
474,395,559,395,559,424,474,424
556,395,644,395,644,427,556,427
642,402,737,395,740,430,645,437
737,407,808,403,809,430,738,434
809,399,878,407,874,438,805,430
878,401,969,401,969,433,878,433
;
987,416,1004,416,1004,433,987,433
1007,413,1066,413,1066,442,1007,442
1070,413,1153,407,1156,440,1072,446
;
328,436,401,436,401,459,328,459
407,428,484,434,482,468,404,462
486,430,527,430,527,459,486,459
524,436,571,436,571,468,524,468
612,433,662,433,662,462,612,462
665,433,826,433,826,465,665,465
;
577,442,606,442,606,459,577,459
854,440,1022,436,1022,471,855,474
1078,442,1151,442,1151,471,1078,471
;
1022,448,1074,444,1077,474,1025,479
;
843,445,852,445,852,465,843,465
;
368,464,456,460,457,492,369,495
552,468,670,464,671,497,553,501
;
328,474,354,474,354,492,328,492
474,474,506,474,506,492,474,492
512,474,547,474,547,495,512,495
682,471,714,471,714,498,682,498
716,474,834,466,836,503,718,511
837,468,873,468,873,500,837,500
875,474,1001,474,1001,503,875,503
1016,480,1045,480,1045,503,1016,503
;
1048,483,1151,483,1151,512,1048,512
;
325,500,372,500,372,527,325,527
380,506,430,506,430,536,380,536
433,498,471,498,471,527,433,527
474,496,561,502,558,533,472,527
562,503,682,503,682,536,562,536
714,506,744,506,744,533,714,533
752,506,773,506,773,533,752,533
782,505,834,510,831,537,779,532
;
837,506,925,506,925,539,837,539
937,509,969,509,969,539,937,539
975,515,1040,515,1040,541,975,541
1043,515,1135,508,1138,541,1045,548
;
325,541,404,541,404,562,325,562
401,533,495,533,495,565,401,565
492,532,691,536,691,569,491,565
691,536,758,536,758,568,691,568
758,538,929,542,928,574,758,571
931,544,960,544,960,571,931,571
;
960,544,1107,544,1107,583,960,583
1110,556,1151,556,1151,577,1110,577
;
322,568,483,568,483,600,322,600
482,572,650,568,650,603,483,606
656,574,700,574,700,609,656,609
700,574,770,574,770,606,700,606
820,577,852,577,852,606,820,606
899,577,966,577,966,609,899,609
;
767,583,823,583,823,615,767,615
849,583,899,583,899,612,849,612
960,580,1037,580,1037,609,960,609
1037,585,1095,585,1095,612,1037,612
1098,583,1151,583,1151,612,1098,612
;
354,603,442,603,442,632,354,632
454,603,498,603,498,632,454,632
498,603,533,603,533,632,498,632
;
325,612,351,612,351,632,325,632
536,609,553,609,553,632,536,632
553,606,656,606,656,635,553,635
656,618,717,618,717,638,656,638
716,611,857,604,859,641,717,648
855,612,931,612,931,641,855,641
928,615,1016,615,1016,644,928,644
1019,615,1051,615,1051,644,1019,644
1045,615,1148,615,1148,647,1045,647
;
319,638,430,638,430,667,319,667
433,638,556,638,556,670,433,670
553,644,565,644,565,667,553,667
565,644,612,644,612,676,565,676
609,641,641,641,641,670,609,670
641,641,735,641,735,673,641,673
;
735,653,785,653,785,679,735,679
782,653,867,653,867,679,782,679
867,656,884,656,884,676,867,676
881,653,931,653,931,685,881,685
937,659,1001,659,1001,679,937,679
1001,650,1110,650,1110,688,1001,688
1116,656,1142,656,1142,682,1116,682
;
319,679,369,679,369,708,319,708
369,679,430,679,430,708,369,708
427,673,459,673,459,703,427,703
457,673,571,673,571,706,457,706
568,676,597,676,597,706,568,706
595,675,684,682,682,713,592,705
682,682,703,682,703,714,682,714
700,679,738,679,738,708,700,708
735,679,779,679,779,708,735,708
902,682,946,682,946,714,902,714
;
782,685,905,685,905,711,782,711
946,685,1007,685,1007,714,946,714
1005,684,1076,688,1074,718,1003,714
1081,683,1147,687,1145,721,1079,717
;
319,711,360,711,360,738,319,738
372,708,398,708,398,738,372,738
398,708,448,708,448,744,398,744
445,708,536,708,536,747,445,747
536,714,580,714,580,744,536,744
580,711,653,711,653,744,580,744
703,714,744,714,744,744,703,744
741,714,861,714,861,747,741,747
;
659,720,706,720,706,750,659,750
861,723,908,723,908,752,861,752
908,717,934,717,934,750,908,750
934,720,999,720,999,750,934,750
1001,720,1089,720,1089,752,1001,752
1089,723,1142,723,1142,752,1089,752
;
319,752,366,752,366,773,319,773
366,742,513,746,512,777,365,773
512,744,547,744,547,773,512,773
547,747,626,747,626,782,547,782
638,752,685,752,685,782,638,782
;
688,753,806,758,805,784,687,779
803,753,909,757,907,786,801,781
943,761,990,761,990,791,943,791
990,755,1089,755,1089,793,990,793
1095,764,1145,764,1145,793,1095,793
;
316,785,377,785,377,814,316,814
377,779,427,779,427,808,377,808
427,779,591,779,591,811,427,811
609,782,673,782,673,817,609,817
673,785,770,785,770,814,673,814
;
591,791,609,791,609,811,591,811
773,791,788,791,788,814,773,814
788,793,796,793,796,814,788,814
802,791,834,791,834,817,802,817
832,788,931,788,931,820,832,820
928,796,978,796,978,826,928,826
981,791,1010,791,1010,820,981,820
1010,791,1086,791,1086,823,1010,823
1086,796,1095,796,1095,820,1086,820
1095,796,1142,796,1142,823,1095,823
;
401,813,519,818,518,854,400,849
588,817,717,817,717,852,588,852
;
809,825,919,818,921,855,811,862
;
316,820,407,820,407,843,316,843
518,826,594,826,594,852,518,852
717,820,811,820,811,852,717,852
925,829,937,829,937,852,925,852
937,826,969,826,969,855,937,855
966,826,1045,826,1045,855,966,855
;
1057,832,1104,832,1104,864,1057,864
1104,829,1142,829,1142,858,1104,858
;
313,849,360,849,360,881,313,881
356,855,437,844,442,878,360,889
433,849,477,849,477,878,433,878
527,852,583,852,583,881,527,881
577,852,626,852,626,881,577,881
;
718,853,788,865,782,900,712,888
;
480,855,527,855,527,884,480,884
626,858,711,858,711,884,626,884
791,861,802,861,802,881,791,881
801,863,937,860,938,890,802,894
934,858,966,858,966,890,934,890
963,861,1010,861,1010,890,963,890
;
1008,863,1108,868,1106,899,1006,894
1125,870,1139,870,1139,893,1125,893
;
310,884,459,884,459,914,310,914
462,884,509,884,509,916,462,916
509,884,577,884,577,916,509,916
580,887,670,887,670,919,580,919
770,890,796,890,796,922,770,922
;
932,890,1051,906,1046,944,927,928
;
691,893,717,893,717,919,691,919
723,896,770,896,770,925,723,925
799,899,864,899,864,928,799,928
861,896,925,896,925,925,861,925
1063,899,1092,899,1092,928,1063,928
;
1089,905,1139,905,1139,934,1089,934
;
313,928,354,928,354,949,313,949
351,919,483,919,483,958,351,958
482,923,594,918,596,951,483,957
591,922,647,922,647,952,591,952
645,918,737,927,734,959,642,950
755,925,837,925,837,963,755,963
;
738,934,755,934,755,955,738,955
837,931,855,931,855,958,837,958
855,928,966,928,966,966,855,966
969,931,999,931,999,960,969,960
996,931,1037,931,1037,960,996,960
1048,934,1078,934,1078,960,1048,960
1078,937,1139,937,1139,966,1078,966
;
310,952,451,952,451,984,310,984
449,955,564,950,566,986,451,990
577,963,647,963,647,987,577,987
647,957,745,962,743,992,646,987
738,963,767,963,767,990,738,990
770,960,823,960,823,990,770,990
;
837,972,890,972,890,996,837,996
890,963,960,963,960,999,890,999
961,964,1058,967,1057,999,960,995
1056,968,1138,964,1140,1001,1057,1005
;
310,987,451,987,451,1019,310,1019
457,993,533,993,533,1028,457,1028
531,985,620,993,617,1027,528,1019
621,993,776,993,776,1031,621,1031
773,996,873,996,873,1025,773,1025
;
885,1000,962,1006,960,1037,882,1031
966,1010,996,1010,996,1031,966,1031
991,1007,1070,996,1075,1030,996,1042
1069,1001,1104,1001,1104,1031,1069,1031
1101,1001,1139,1001,1139,1031,1101,1031
;
363,1020,499,1027,497,1061,362,1054
516,1020,625,1026,623,1061,514,1055
;
310,1031,363,1031,363,1063,310,1063
741,1031,852,1031,852,1066,741,1066
1058,1033,1139,1040,1136,1073,1055,1066
;
498,1034,515,1034,515,1057,498,1057
846,1034,911,1034,911,1063,846,1063
;
911,1034,1013,1034,1013,1075,911,1075
;
626,1040,641,1040,641,1057,626,1057
647,1037,679,1037,679,1057,647,1057
679,1037,741,1037,741,1060,679,1060
;
1016,1040,1060,1040,1060,1075,1016,1075
;
386,1060,465,1060,465,1089,386,1089
;
310,1066,377,1066,377,1089,310,1089
462,1063,580,1063,580,1092,462,1092
588,1066,714,1066,714,1098,588,1098
726,1062,915,1068,913,1102,725,1095
;
911,1081,928,1081,928,1098,911,1098
934,1078,996,1078,996,1101,934,1101
993,1075,1136,1075,1136,1110,993,1110
;
307,1092,421,1092,421,1125,307,1125
418,1095,659,1095,659,1127,418,1127
;
673,1101,755,1101,755,1130,673,1130
752,1107,799,1107,799,1130,752,1130
796,1101,843,1101,843,1130,796,1130
843,1110,905,1110,905,1133,843,1133
905,1104,1028,1104,1028,1136,905,1136
;
1028,1119,1072,1119,1072,1139,1028,1139
1092,1122,1125,1122,1125,1142,1092,1142
;
433,1133,541,1133,541,1160,433,1160
547,1136,647,1136,647,1166,547,1166
;
656,1145,679,1145,679,1166,656,1166
679,1139,744,1139,744,1166,679,1166
744,1139,776,1139,776,1168,744,1168
782,1137,942,1147,940,1178,780,1168
960,1145,1022,1145,1022,1171,960,1171
;
1022,1147,1086,1155,1083,1185,1019,1177
;
372,1168,427,1168,427,1198,372,1198
433,1168,544,1168,544,1198,433,1198
553,1168,626,1168,626,1201,553,1201
694,1171,747,1171,747,1201,694,1201
;
621,1174,694,1174,694,1201,621,1201
747,1177,788,1177,788,1209,747,1209
786,1173,861,1180,857,1211,783,1203
861,1186,943,1186,943,1207,861,1207
940,1177,1025,1177,1025,1207,940,1207
1040,1186,1127,1186,1127,1209,1040,1209
;
375,1209,433,1209,433,1233,375,1233
430,1203,583,1208,582,1245,429,1240
600,1209,644,1209,644,1233,600,1233
650,1207,726,1207,726,1236,650,1236
729,1207,761,1207,761,1236,729,1236
765,1208,831,1213,828,1243,763,1238
829,1209,958,1209,958,1242,829,1242
;
963,1218,972,1218,972,1239,963,1239
973,1211,1062,1220,1059,1254,969,1244
1057,1215,1089,1215,1089,1245,1057,1245
1092,1224,1130,1224,1130,1245,1092,1245
;
369,1239,498,1239,498,1268,369,1268
496,1248,579,1241,582,1272,498,1278
577,1239,632,1239,632,1271,577,1271
629,1239,747,1239,747,1271,629,1271
752,1248,817,1248,817,1274,752,1274
820,1245,937,1245,937,1277,820,1277
;
937,1250,1066,1250,1066,1280,937,1280
;
1066,1256,1127,1256,1127,1289,1066,1289
;
301,1268,369,1268,369,1300,301,1300
377,1271,512,1271,512,1303,377,1303
509,1274,612,1274,612,1306,509,1306
;
609,1277,726,1277,726,1312,609,1312
723,1277,755,1277,755,1309,723,1309
755,1286,808,1286,808,1315,755,1315
814,1283,832,1283,832,1321,814,1321
835,1278,985,1284,983,1321,833,1316
996,1291,1013,1291,1013,1315,996,1315
1010,1286,1130,1286,1130,1315,1010,1315
;
298,1306,336,1306,336,1335,298,1335
331,1306,445,1306,445,1338,331,1338
442,1309,591,1309,591,1341,442,1341
;
594,1318,641,1318,641,1347,594,1347
638,1312,726,1312,726,1350,638,1350
722,1319,820,1316,821,1347,723,1351
817,1324,864,1324,864,1353,817,1353
861,1318,943,1318,943,1347,861,1347
949,1330,966,1330,966,1347,949,1347
964,1317,1044,1320,1042,1354,962,1350
1037,1318,1129,1322,1127,1354,1036,1350
;
319,1337,440,1342,439,1375,318,1371
439,1341,536,1341,536,1382,439,1382
539,1350,568,1350,568,1376,539,1376
565,1344,600,1344,600,1376,565,1376
600,1350,629,1350,629,1376,600,1376
626,1347,665,1347,665,1376,626,1376
662,1350,738,1350,738,1379,662,1379
;
741,1350,820,1350,820,1382,741,1382
840,1353,966,1353,966,1385,840,1385
;
829,1359,840,1359,840,1379,829,1379
981,1365,999,1365,999,1385,981,1385
1004,1365,1054,1365,1054,1385,1004,1385
1057,1361,1115,1354,1119,1387,1061,1393
;
297,1383,376,1375,379,1406,300,1414
380,1382,427,1382,427,1415,380,1415
427,1376,465,1376,465,1409,427,1409
468,1385,550,1385,550,1409,468,1409
550,1382,638,1382,638,1412,550,1412
638,1382,703,1382,703,1412,638,1412
700,1382,738,1382,738,1412,700,1412
741,1383,850,1387,849,1418,740,1414
849,1388,893,1388,893,1415,849,1415
;
890,1394,940,1394,940,1423,890,1423
940,1391,1013,1391,1013,1420,940,1420
1012,1393,1109,1389,1111,1423,1013,1427
1113,1397,1122,1397,1122,1417,1113,1417
;
424,1412,468,1412,468,1441,424,1441
469,1410,532,1415,529,1446,466,1441
;
614,1418,708,1413,710,1453,616,1457
;
298,1415,427,1415,427,1441,298,1441
530,1415,609,1415,609,1447,530,1447
706,1417,741,1417,741,1447,706,1447
741,1420,818,1423,817,1453,739,1450
837,1420,873,1420,873,1450,837,1450
870,1420,902,1420,902,1453,870,1453
899,1422,977,1426,975,1457,898,1452
;
829,1429,840,1429,840,1450,829,1450
976,1429,1091,1422,1094,1455,978,1462
1107,1438,1125,1438,1125,1456,1107,1456
;
296,1443,406,1453,404,1483,294,1473
401,1453,471,1453,471,1479,401,1479
469,1446,613,1453,612,1485,467,1479
612,1453,647,1453,647,1482,612,1482
;
647,1453,802,1453,802,1488,647,1488
;
804,1462,954,1457,955,1491,806,1496
952,1458,981,1458,981,1491,952,1491
975,1464,1051,1464,1051,1497,975,1497
1054,1467,1063,1467,1063,1491,1054,1491
;
1063,1467,1122,1467,1122,1500,1063,1500
;
292,1488,360,1488,360,1511,292,1511
354,1481,498,1486,497,1517,353,1511
498,1491,512,1491,512,1517,498,1517
;
509,1491,632,1491,632,1526,509,1526
632,1491,806,1497,805,1529,631,1523
802,1500,849,1500,849,1523,802,1523
846,1494,1025,1491,1025,1526,846,1529
1031,1505,1040,1505,1040,1523,1031,1523
1042,1497,1122,1497,1122,1526,1042,1526
;
290,1514,325,1514,325,1543,290,1543
342,1517,430,1517,430,1546,342,1546
;
424,1520,500,1520,500,1552,424,1552
500,1520,585,1520,585,1552,500,1552
588,1523,621,1523,621,1552,588,1552
618,1523,665,1523,665,1552,618,1552
662,1523,711,1523,711,1555,662,1555
;
712,1531,828,1524,830,1558,715,1565
832,1529,955,1529,955,1567,832,1567
969,1529,1066,1529,1066,1567,969,1567
;
1069,1538,1119,1538,1119,1570,1069,1570
;
307,1552,342,1552,342,1582,307,1582
340,1550,431,1553,430,1585,339,1581
427,1555,489,1555,489,1587,427,1587
489,1555,553,1555,553,1587,489,1587
;
553,1555,624,1555,624,1596,553,1596
632,1562,761,1558,762,1596,633,1600
;
862,1559,989,1571,985,1608,858,1596
;
275,1561,310,1561,310,1582,275,1582
624,1564,638,1564,638,1590,624,1590
;
767,1573,782,1573,782,1593,767,1593
785,1570,858,1570,858,1593,785,1593
990,1567,1119,1567,1119,1602,990,1602
;
275,1596,336,1596,336,1617,275,1617
;
1086,1614,1116,1614,1116,1631,1086,1631
;
58,1801,108,1801,108,1828,58,1828
;
281,1831,421,1831,421,1860,281,1860
430,1831,588,1831,588,1860,430,1860
;
