205,220,241,220,241,247,205,247
241,214,357,214,357,253,241,253
360,220,452,220,452,250,360,250
;
455,226,503,226,503,253,455,253
502,224,696,220,697,256,503,259
;
696,232,744,232,744,262,696,262
744,235,789,235,789,259,744,259
789,230,907,238,905,268,787,260
908,238,955,238,955,271,908,271
955,238,1028,230,1032,264,959,272
;
205,250,241,250,241,279,205,279
241,253,268,253,268,282,241,282
265,253,336,253,336,282,265,282
336,259,437,259,437,285,336,285
440,256,470,256,470,285,440,285
467,256,521,256,521,285,467,285
521,256,592,256,592,288,521,288
;
592,265,628,265,628,291,592,291
628,262,774,262,774,300,628,300
792,266,873,270,872,299,791,294
;
780,273,789,273,789,294,780,294
875,271,923,271,923,303,875,303
923,271,988,271,988,297,923,297
991,273,1030,273,1030,297,991,297
;
205,288,297,288,297,318,205,318
327,288,366,288,366,318,327,318
366,291,443,291,443,321,366,321
;
577,294,822,299,821,337,577,331
;
297,297,330,297,330,321,297,321
443,297,518,297,518,330,443,330
518,300,536,300,536,327,518,327
536,297,580,297,580,324,536,324
821,306,902,306,902,333,821,333
905,300,947,300,947,333,905,333
;
944,309,994,309,994,339,944,339
997,315,1033,315,1033,333,997,333
;
202,321,291,321,291,354,202,354
288,327,303,327,303,354,288,354
303,324,461,324,461,357,303,357
464,327,568,327,568,360,464,360
;
577,339,649,339,649,360,577,360
658,342,735,342,735,363,658,363
739,339,850,331,852,366,741,373
905,339,1033,339,1033,369,905,369
;
851,342,902,342,902,372,851,372
;
205,366,285,366,285,390,205,390
285,360,360,360,360,390,285,390
363,363,375,363,375,387,363,387
375,363,491,363,491,393,375,393
488,363,527,363,527,393,488,393
527,363,604,363,604,396,527,396
604,369,634,369,634,396,604,396
631,366,667,366,667,399,631,399
684,369,771,369,771,399,684,399
;
771,372,821,372,821,399,771,399
821,372,854,372,854,402,821,402
851,369,890,369,890,402,851,402
890,372,953,372,953,402,890,402
953,375,982,375,982,402,953,402
;
985,384,1033,384,1033,405,985,405
;
202,393,250,393,250,422,202,422
250,393,318,393,318,425,250,425
321,396,354,396,354,425,321,425
357,396,461,396,461,428,357,428
521,399,583,399,583,428,521,428
583,399,613,399,613,431,583,431
610,399,637,399,637,431,610,431
;
639,405,734,400,736,438,640,442
;
470,402,482,402,482,425,470,425
482,402,527,402,527,428,482,428
;
747,408,768,408,768,434,747,434
902,408,932,408,932,437,902,437
938,408,1030,408,1030,437,938,437
;
771,413,818,413,818,443,771,443
818,414,905,410,906,443,819,447
;
205,431,259,431,259,458,205,458
265,428,306,428,306,461,265,461
309,431,396,431,396,461,309,461
422,431,452,431,452,461,422,461
452,431,497,431,497,464,452,464
494,434,530,434,530,464,494,464
527,434,553,434,553,464,527,464
;
550,437,631,437,631,473,550,473
643,440,729,440,729,467,643,467
732,440,905,440,905,476,732,476
899,440,1018,440,1018,473,899,473
;
202,462,343,466,342,498,201,494
357,473,366,473,366,494,357,494
368,468,500,465,500,500,369,503
518,470,568,470,568,500,518,500
565,470,634,470,634,503,565,503
;
634,479,693,479,693,509,634,509
696,482,708,482,708,503,696,503
714,476,798,476,798,506,714,506
818,476,958,476,958,515,818,515
964,485,1030,485,1030,509,964,509
;
202,498,307,502,306,533,201,529
307,496,419,508,415,543,304,532
419,503,509,503,509,542,419,542
506,502,570,506,568,536,504,532
655,506,774,506,774,539,655,539
;
571,512,622,512,622,544,571,544
622,512,655,512,655,536,622,536
774,518,789,518,789,542,774,542
789,515,886,508,888,541,792,548
890,512,976,512,976,553,890,553
;
979,521,1030,521,1030,553,979,553
;
205,542,268,542,268,565,205,565
268,536,300,536,300,565,268,565
300,536,327,536,327,565,300,565
327,536,449,536,449,568,327,568
446,539,497,539,497,568,446,568
494,534,600,540,598,575,493,569
616,547,655,547,655,571,616,571
652,544,732,544,732,574,652,574
732,544,804,544,804,574,732,574
;
601,550,619,550,619,571,601,571
807,556,824,556,824,577,807,577
821,547,911,547,911,577,821,577
905,550,970,550,970,580,905,580
1000,550,1030,550,1030,583,1000,583
;
970,559,1003,559,1003,583,970,583
;
202,571,276,571,276,601,202,601
282,568,372,568,372,601,282,601
378,571,408,571,408,604,378,604
455,571,521,571,521,604,455,604
524,571,619,571,619,610,524,610
;
408,576,502,584,497,647,403,639
;
625,580,640,580,640,607,625,607
640,580,717,580,717,610,640,610
717,580,777,580,777,610,717,610
777,579,844,585,841,616,775,610
914,586,941,586,941,616,914,616
;
851,592,914,592,914,613,851,613
944,592,1030,592,1030,616,944,616
;
303,613,360,613,360,643,303,643
363,613,408,613,408,646,363,646
500,613,509,613,509,634,500,634
509,613,646,613,646,649,509,649
643,613,670,613,670,643,643,643
759,613,801,613,801,646,759,646
;
932,615,1030,631,1024,667,926,651
;
205,616,259,616,259,637,205,637
259,616,303,616,303,637,259,637
;
673,616,759,616,759,649,673,649
798,616,872,616,872,649,798,649
870,617,929,624,925,655,867,648
;
203,638,258,643,255,674,200,669
256,646,265,646,265,667,256,667
268,643,306,643,306,673,268,673
309,642,407,649,404,679,307,672
410,646,419,646,419,670,410,670
425,643,491,643,491,676,425,676
494,641,620,645,619,679,493,675
;
631,649,759,649,759,681,631,681
780,655,899,655,899,684,780,684
;
921,662,1026,655,1028,687,923,694
;
202,679,273,679,273,705,202,705
273,676,309,676,309,708,273,708
312,679,413,679,413,708,312,708
518,681,550,681,550,711,518,711
;
416,687,521,687,521,711,416,711
562,684,574,684,574,708,562,708
577,681,699,681,699,717,577,717
720,687,744,687,744,717,720,717
;
762,693,818,693,818,723,762,723
821,696,869,696,869,726,821,726
869,690,899,690,899,720,869,720
899,690,953,690,953,723,899,723
958,693,1027,693,1027,723,958,723
;
414,710,642,716,640,790,412,784
;
294,714,384,714,384,744,294,744
381,711,413,711,413,744,381,744
;
202,717,279,717,279,750,202,750
;
572,718,680,726,677,764,569,755
679,727,755,721,758,755,682,760
757,728,878,721,880,756,759,763
;
282,723,297,723,297,741,282,741
;
875,726,995,730,994,762,874,758
991,729,1030,729,1030,762,991,762
;
199,747,285,747,285,777,199,777
285,751,392,747,393,780,286,783
;
408,759,440,759,440,792,408,792
;
863,759,955,759,955,839,863,839
;
816,762,878,762,878,813,816,813
;
696,765,801,765,801,792,696,792
958,765,1018,765,1018,792,958,792
1018,771,1048,771,1048,792,1018,792
;
226,794,276,787,280,811,230,818
276,780,402,780,402,818,276,818
1095,783,1238,779,1239,806,1096,810
;
394,802,526,788,531,836,400,851
;
196,792,229,792,229,816,196,816
604,792,667,792,667,816,604,816
780,789,818,789,818,810,780,810
994,789,1095,789,1095,818,994,818
;
955,810,1039,810,1039,836,955,836
;
603,818,666,814,668,836,604,840
687,816,759,816,759,836,687,836
774,816,860,816,860,839,774,839
1163,810,1238,821,1234,847,1159,836
;
262,827,339,827,339,845,262,845
452,821,512,821,512,848,452,848
547,821,601,821,601,842,547,842
;
184,827,312,827,312,932,184,932
;
1064,827,1227,855,1220,897,1057,869
;
262,854,309,854,309,899,262,899
;
309,869,536,869,536,964,309,964
;
674,882,776,870,779,893,676,905
;
1063,894,1219,899,1217,966,1061,960
;
833,1102,972,1045,1004,1121,865,1178
;
515,1060,723,1060,723,1149,515,1149
740,1082,871,1078,873,1131,741,1135
980,1081,1074,1076,1076,1122,982,1126
1069,1066,1182,1066,1182,1137,1069,1137
;
929,1167,1000,1167,1000,1197,929,1197
;
839,1203,908,1203,908,1250,839,1250
982,1173,1191,1173,1191,1280,982,1280
;
68,1825,367,1835,366,1867,67,1858
363,1834,399,1834,399,1864,363,1864
;
286,1864,352,1869,351,1892,284,1887
;
