1121,40,1153,40,1153,75,1121,75
;
1034,46,1118,46,1118,95,1034,95
;
857,46,927,46,927,107,857,107
;
817,57,849,57,849,110,817,110
;
939,72,970,72,970,107,939,107
;
985,105,1056,95,1061,129,989,138
1092,98,1153,98,1153,133,1092,133
;
579,117,658,105,665,150,586,162
843,107,979,107,979,159,843,159
;
747,113,840,113,840,165,747,165
;
660,118,744,118,744,150,660,150
;
379,127,423,127,423,162,379,162
462,130,541,126,543,156,463,160
;
97,135,205,131,206,162,98,166
;
544,133,573,133,573,153,544,153
;
240,133,298,133,298,171,240,171
;
295,133,379,133,379,162,295,162
420,133,466,133,466,162,420,162
;
211,144,231,144,231,162,211,162
;
959,156,1055,156,1055,191,959,191
;
339,182,691,158,701,300,349,324
;
866,159,956,159,956,205,866,205
;
588,165,788,165,788,249,588,249
;
518,173,591,173,591,211,518,211
791,171,863,171,863,208,791,208
;
85,189,173,182,175,211,87,217
257,184,394,180,394,211,258,214
;
182,191,257,191,257,214,182,214
;
887,215,1058,196,1062,233,891,252
;
840,220,886,220,886,246,840,246
;
130,226,227,230,225,261,129,257
231,223,344,223,344,266,231,266
;
874,260,982,256,983,286,875,290
;
705,269,866,262,868,303,707,310
;
104,268,237,276,234,320,102,311
;
260,284,368,284,368,327,260,327
;
924,310,1095,287,1101,330,930,352
;
360,297,590,315,579,456,349,438
;
630,304,730,314,726,358,625,348
762,315,918,305,921,344,765,354
;
602,315,626,315,626,344,602,344
724,313,762,313,762,342,724,342
;
71,321,208,331,205,372,68,361
260,324,350,324,350,376,260,376
337,325,427,316,433,373,342,382
;
437,324,481,324,481,353,437,353
;
214,330,263,330,263,356,214,356
;
973,350,1113,350,1113,379,973,379
;
840,353,973,353,973,437,840,437
;
572,362,687,357,691,449,576,454
693,355,861,359,859,451,690,447
;
315,373,359,373,359,405,315,405
;
144,382,237,382,237,405,144,405
260,379,310,379,310,408,260,408
;
954,399,1042,392,1045,426,956,433
;
663,436,739,393,761,431,686,475
;
10,427,213,406,218,457,15,478
357,419,486,413,488,464,360,470
;
559,421,616,415,620,450,563,456
;
211,426,255,426,255,455,211,455
260,428,350,428,350,457,260,457
;
791,440,1002,440,1002,530,791,530
;
997,443,1066,443,1066,475,997,475
;
707,446,788,446,788,484,707,484
;
602,460,686,460,686,498,602,498
;
179,463,234,463,234,489,179,489
;
286,463,475,463,475,501,286,501
;
478,463,597,463,597,521,478,521
;
920,496,1037,491,1039,532,921,537
;
721,505,845,496,851,574,727,584
;
611,501,643,501,643,533,611,533
644,507,761,500,763,529,646,537
;
354,516,493,503,497,539,357,552
573,513,608,513,608,539,573,539
;
263,513,362,513,362,565,263,565
;
510,515,576,515,576,547,510,547
;
389,527,540,515,546,588,395,600
;
514,559,662,537,674,618,526,640
;
895,539,1028,539,1028,579,895,579
;
597,558,733,552,736,626,600,632
;
66,553,110,553,110,585,66,585
;
305,568,384,562,386,592,307,598
;
252,568,307,568,307,599,252,599
;
823,582,857,582,857,617,823,617
863,582,941,582,941,620,863,620
940,590,1058,568,1066,610,948,632
;
501,597,530,597,530,631,501,631
706,597,822,592,824,626,707,631
;
336,602,408,602,408,646,336,646
;
414,602,486,602,486,634,414,634
;
252,608,327,608,327,655,252,655
;
104,628,150,628,150,652,104,652
;
802,631,907,631,907,663,802,663
915,628,1057,628,1057,663,915,663
;
724,640,765,640,765,669,724,669
770,640,802,640,802,666,770,666
;
588,643,704,643,704,695,588,695
;
324,660,359,660,359,689,324,689
362,655,423,655,423,701,362,701
450,655,584,647,588,698,453,707
;
909,672,1031,668,1032,700,910,704
;
257,669,327,669,327,715,257,715
;
60,678,254,673,255,699,61,703
;
379,708,504,680,514,726,390,754
;
831,681,924,681,924,765,831,765
;
768,686,837,686,837,718,768,718
;
640,695,727,695,727,721,640,721
730,692,765,692,765,724,730,724
;
266,695,350,695,350,759,266,759
;
510,701,542,701,542,727,510,727
554,701,631,696,633,723,556,728
;
917,723,1060,702,1067,751,924,772
;
342,707,382,707,382,736,342,736
;
110,721,232,707,237,744,114,758
;
808,721,840,721,840,759,808,759
;
579,730,788,730,788,776,579,776
;
466,736,620,736,620,823,466,823
;
524,742,576,742,576,770,524,770
;
315,747,466,747,466,782,315,782
;
115,759,255,759,255,791,115,791
;
858,777,1031,761,1035,807,862,824
;
614,782,663,782,663,814,614,814
660,782,727,782,727,811,660,811
734,785,857,775,859,808,737,817
;
310,794,426,794,426,826,310,826
428,794,472,794,472,823,428,823
;
933,815,1004,806,1008,834,937,843
;
850,825,933,808,940,842,857,859
;
626,815,758,809,761,868,629,875
;
118,814,223,814,223,837,118,837
1005,811,1055,811,1055,843,1005,843
;
223,814,260,814,260,834,223,834
;
562,820,623,820,623,860,562,860
768,820,849,820,849,855,768,855
;
515,831,556,831,556,863,515,863
;
362,837,414,837,414,869,362,869
;
457,837,521,837,521,881,457,881
;
414,840,457,840,457,866,414,866
;
113,853,230,841,234,880,117,893
;
318,843,362,843,362,869,318,869
;
958,848,1043,861,1037,901,952,888
;
844,866,941,859,943,892,846,899
;
462,880,611,862,616,906,467,923
;
428,872,460,872,460,907,428,907
686,872,805,872,805,907,686,907
;
811,872,846,872,846,898,811,898
;
652,875,684,875,684,901,652,901
;
394,878,428,878,428,913,394,913
;
608,881,646,881,646,904,608,904
;
205,884,373,884,373,921,205,921
;
115,904,202,904,202,924,115,924
;
779,913,1049,909,1049,958,779,961
;
605,915,782,915,782,965,605,965
;
324,921,599,921,599,1017,324,1017
;
385,927,423,927,423,959,385,959
;
266,939,336,939,336,988,266,988
;
339,939,379,939,379,965,339,965
;
191,953,266,953,266,973,191,973
;
104,953,188,953,188,979,104,979
;
910,953,1052,953,1052,997,910,997
;
609,966,801,954,804,994,611,1006
808,965,904,965,904,999,808,999
;
579,970,617,970,617,999,579,999
;
278,976,324,976,324,1014,278,1014
;
124,999,217,999,217,1028,124,1028
;
834,999,907,999,907,1043,834,1043
913,999,1087,1002,1086,1043,912,1039
;
217,1002,269,1002,269,1023,217,1023
;
685,1013,837,1006,838,1037,687,1044
;
581,1014,689,1010,690,1048,582,1052
;
466,1014,582,1014,582,1066,466,1066
;
351,1026,471,1017,474,1060,354,1069
;
272,1031,339,1031,339,1063,272,1063
;
96,1049,245,1033,248,1066,99,1081
;
249,1040,275,1040,275,1063,249,1063
;
950,1046,1063,1046,1063,1075,950,1075
;
884,1052,947,1052,947,1078,884,1078
;
779,1055,869,1055,869,1136,779,1136
;
259,1055,480,1070,472,1180,251,1164
;
684,1057,739,1057,739,1089,684,1089
;
485,1072,622,1063,625,1105,488,1114
;
742,1066,779,1066,779,1084,742,1084
;
628,1072,672,1072,672,1092,628,1092
;
114,1093,260,1082,262,1112,116,1124
;
701,1092,805,1092,805,1136,701,1136
;
976,1095,1049,1095,1049,1118,976,1118
;
863,1098,921,1098,921,1127,863,1127
921,1101,968,1101,968,1121,921,1121
;
631,1107,692,1107,692,1136,631,1136
;
455,1113,492,1113,492,1144,455,1144
;
475,1118,585,1118,585,1199,475,1199
;
118,1130,231,1130,231,1168,118,1168
;
852,1144,985,1144,985,1173,852,1173
;
707,1147,802,1147,802,1185,707,1185
;
808,1147,837,1147,837,1176,808,1176
;
991,1147,1055,1147,1055,1185,991,1185
;
568,1153,649,1153,649,1191,568,1191
;
655,1159,704,1159,704,1194,655,1194
;
324,1165,475,1165,475,1202,324,1202
;
527,1168,568,1168,568,1191,527,1191
;
278,1170,321,1170,321,1199,278,1199
;
98,1178,191,1182,191,1203,97,1199
;
965,1188,1057,1188,1057,1220,965,1220
;
744,1191,962,1191,962,1237,744,1237
;
536,1205,582,1205,582,1243,536,1243
589,1195,731,1202,729,1250,586,1243
;
272,1208,437,1208,437,1252,272,1252
;
107,1211,139,1211,139,1234,107,1234
452,1211,539,1211,539,1237,452,1237
;
136,1226,211,1226,211,1249,136,1249
;
672,1244,754,1248,753,1281,671,1278
;
768,1249,866,1249,866,1284,768,1284
;
348,1261,437,1253,440,1289,351,1297
437,1249,521,1249,521,1301,437,1301
570,1258,666,1254,667,1295,572,1299
;
863,1255,904,1255,904,1272,863,1272
;
874,1282,1063,1279,1064,1307,875,1310
;
776,1286,820,1286,820,1315,776,1315
820,1286,875,1286,875,1312,820,1312
;
684,1289,770,1289,770,1318,684,1318
;
605,1292,681,1292,681,1321,605,1321
;
365,1301,489,1301,489,1330,365,1330
498,1295,605,1295,605,1341,498,1341
;
249,1312,298,1312,298,1336,249,1336
293,1310,350,1306,353,1341,296,1346
;
309,1357,515,1320,525,1376,319,1413
;
991,1323,1059,1328,1057,1355,989,1350
;
855,1324,991,1324,991,1370,855,1370
;
597,1336,640,1336,640,1376,597,1376
;
637,1336,750,1336,750,1368,637,1368
;
756,1336,852,1336,852,1376,756,1376
;
514,1348,582,1343,584,1371,516,1375
;
179,1353,231,1353,231,1385,179,1385
272,1353,315,1353,315,1385,272,1385
;
950,1365,1107,1365,1107,1408,950,1408
;
324,1424,715,1368,725,1437,333,1493
;
723,1384,944,1373,946,1422,725,1432
;
440,1394,544,1387,547,1425,443,1433
;
269,1391,440,1391,440,1437,269,1437
;
902,1432,1059,1407,1066,1452,909,1477
;
127,1408,243,1408,243,1440,127,1440
;
657,1417,855,1417,855,1463,657,1463
;
855,1431,904,1431,904,1455,855,1455
;
599,1434,663,1434,663,1466,599,1466
;
272,1437,336,1437,336,1484,272,1484
;
131,1460,242,1451,244,1476,133,1486
;
462,1464,556,1475,551,1523,457,1512
;
1002,1466,1072,1466,1072,1489,1002,1489
;
860,1466,933,1466,933,1512,860,1512
;
259,1493,432,1470,443,1554,270,1577
;
606,1471,679,1475,677,1508,604,1504
;
765,1472,860,1472,860,1521,765,1521
;
939,1475,997,1475,997,1498,939,1498
;
675,1478,759,1478,759,1507,675,1507
;
434,1481,460,1481,460,1510,434,1510
;
169,1504,251,1497,253,1519,171,1527
;
920,1512,1057,1505,1058,1538,922,1545
;
457,1515,544,1515,544,1556,457,1556
555,1510,700,1521,697,1561,552,1550
707,1526,848,1513,851,1548,710,1560
866,1527,889,1527,889,1544,866,1544
898,1524,921,1524,921,1550,898,1550
;
356,1527,443,1527,443,1559,356,1559
;
593,1558,973,1554,974,1616,594,1620
;
968,1566,1071,1559,1074,1597,971,1604
;
527,1565,597,1565,597,1605,527,1605
;
394,1573,446,1573,446,1617,394,1617
440,1570,524,1570,524,1617,440,1617
;
234,1576,394,1576,394,1617,234,1617
;
133,1594,171,1594,171,1614,133,1614
;
