785,69,931,64,933,135,788,139
980,66,1122,66,1122,150,980,150
;
1137,75,1166,75,1166,109,1137,109
;
27,139,219,154,214,213,23,198
607,147,700,147,700,182,607,182
;
280,156,358,156,358,188,280,188
364,153,468,153,468,196,364,196
477,162,515,162,515,182,477,182
516,147,592,155,587,194,512,186
706,150,743,150,743,179,706,179
752,153,821,153,821,196,752,196
836,162,873,162,873,182,836,182
876,153,937,153,937,182,876,182
937,156,1009,156,1009,193,937,193
1015,147,1073,147,1073,176,1015,176
;
17,202,69,202,69,234,17,234
67,205,141,200,143,230,69,235
274,205,341,205,341,237,274,237
340,200,456,194,458,235,342,241
448,193,489,193,489,237,448,237
503,205,578,205,578,240,503,240
581,208,619,208,619,228,581,228
629,188,789,201,786,241,626,228
787,202,824,202,824,234,787,234
825,202,918,190,923,233,830,245
920,199,1067,199,1067,237,920,237
;
109,248,225,248,225,289,109,289
225,254,277,254,277,277,225,277
275,255,405,239,410,281,280,297
416,257,460,257,460,277,416,277
459,249,525,242,528,271,463,279
546,248,627,248,627,274,546,274
635,245,719,253,715,295,631,288
735,243,818,243,818,274,735,274
826,243,945,238,946,274,827,279
954,251,1009,251,1009,283,954,283
1018,251,1059,251,1059,269,1018,269
;
270,303,375,283,383,324,278,344
379,286,515,286,515,341,379,341
517,283,607,283,607,326,517,326
610,289,645,289,645,321,610,321
652,274,884,286,881,338,649,326
884,299,965,290,969,325,888,334
969,295,1015,295,1015,321,969,321
1024,289,1070,289,1070,321,1024,321
;
104,303,254,303,254,341,104,341
;
156,353,240,353,240,376,156,376
274,338,338,338,338,379,274,379
332,335,410,335,410,384,332,384
422,347,465,347,465,373,422,373
464,347,644,338,647,387,467,396
644,349,734,337,738,376,649,387
740,347,778,347,778,367,740,367
784,338,813,338,813,367,784,367
816,344,920,344,920,370,816,370
923,341,954,341,954,370,923,370
957,347,1024,347,1024,370,957,370
1033,335,1062,335,1062,364,1033,364
;
118,390,254,390,254,422,118,422
260,402,274,402,274,419,260,419
283,393,361,393,361,419,283,419
366,387,488,383,489,416,367,419
500,393,584,393,584,431,500,431
587,387,630,387,630,419,587,419
635,394,734,390,735,413,636,417
735,394,887,385,889,420,737,429
899,393,957,393,957,428,899,428
957,393,975,393,975,413,957,413
972,384,1056,384,1056,425,972,425
;
415,424,506,435,494,536,403,525
;
148,441,226,447,225,471,146,465
222,442,272,442,272,474,222,474
280,442,335,442,335,468,280,468
335,439,413,439,413,483,335,483
500,434,596,434,596,474,500,474
603,439,780,433,782,475,605,482
787,436,850,436,850,465,787,465
853,436,914,436,914,471,853,471
920,436,1096,436,1096,460,920,460
;
279,489,407,483,409,521,281,527
468,483,575,483,575,517,468,517
572,489,645,489,645,520,572,520
772,494,813,494,813,512,772,512
;
396,532,451,532,451,561,396,561
454,532,599,532,599,575,454,575
659,523,801,523,801,575,659,575
807,529,844,529,844,558,807,558
850,526,897,526,897,558,850,558
899,512,975,512,975,561,899,561
967,524,1081,519,1083,562,969,568
;
239,538,396,533,397,573,240,579
604,538,656,538,656,572,604,572
;
277,581,332,581,332,607,277,607
341,584,408,584,408,619,341,619
410,587,448,587,448,607,410,607
457,575,604,575,604,607,457,607
606,576,760,571,761,609,607,613
775,581,830,581,830,616,775,616
830,578,873,578,873,604,830,604
873,574,951,567,954,608,876,615
954,578,1093,578,1093,601,954,601
;
11,590,260,590,260,651,11,651
;
205,639,257,639,257,659,205,659
277,625,318,625,318,656,277,656
326,625,422,625,422,653,326,653
436,625,572,625,572,668,436,668
575,630,720,626,721,664,576,668
729,622,856,622,856,662,729,662
858,621,1061,612,1063,661,860,670
;
115,674,196,674,196,706,115,706
199,685,217,685,217,703,199,703
272,668,332,668,332,708,272,708
338,680,434,680,434,700,338,700
446,667,536,672,535,702,444,697
541,668,570,668,570,697,541,697
570,675,630,669,632,699,573,704
627,665,694,665,694,697,627,697
700,671,752,671,752,697,700,697
766,665,876,665,876,697,766,697
881,668,1064,660,1066,696,882,704
;
136,723,234,723,234,749,136,749
303,723,396,723,396,758,303,758
393,720,454,720,454,749,393,749
465,714,532,714,532,746,465,746
538,723,619,723,619,749,538,749
625,714,706,714,706,755,625,755
709,713,888,720,887,760,708,753
875,713,1005,702,1008,749,879,760
1001,720,1027,720,1027,755,1001,755
1026,721,1101,711,1105,741,1030,751
;
115,769,248,769,248,807,115,807
251,778,269,778,269,798,251,798
282,755,424,766,421,803,279,792
419,769,494,769,494,807,419,807
503,758,610,758,610,801,503,801
601,766,688,766,688,792,601,792
694,762,771,766,769,796,692,792
766,769,865,769,865,795,766,795
873,761,1119,761,1119,810,873,810
;
404,810,549,806,550,838,405,842
793,807,943,802,945,860,795,865
;
138,818,196,818,196,839,138,839
196,821,248,821,248,839,196,839
286,816,402,816,402,839,286,839
554,813,664,807,666,842,556,848
671,810,752,810,752,839,671,839
749,813,795,813,795,853,749,853
946,807,975,807,975,830,946,830
;
217,862,269,862,269,885,217,885
268,851,442,846,443,882,269,887
448,859,509,859,509,894,448,894
506,856,604,856,604,894,506,894
604,856,732,856,732,888,604,888
732,859,761,859,761,882,732,882
769,856,807,856,807,882,769,882
810,862,850,862,850,882,810,882
849,859,1032,847,1035,896,852,908
1027,847,1076,847,1076,882,1027,882
;
596,899,714,899,714,931,596,931
;
272,902,373,902,373,931,272,931
371,901,484,905,482,953,369,949
;
720,902,761,902,761,928,720,928
;
480,908,541,908,541,949,480,949
538,908,593,908,593,943,538,943
763,905,1015,905,1015,949,763,949
;
280,949,416,949,416,992,280,992
417,958,549,944,553,986,421,999
555,952,662,952,662,995,555,995
659,949,842,949,842,978,659,978
844,954,873,954,873,989,844,989
873,954,1007,954,1007,995,873,995
;
700,984,900,988,899,1031,699,1027
980,995,1056,995,1056,1027,980,1027
;
118,1002,243,1007,242,1026,118,1021
280,1001,425,1001,425,1033,280,1033
439,1007,486,1007,486,1027,439,1027
489,1004,572,1004,572,1024,489,1024
576,997,695,1002,693,1052,574,1048
908,1004,975,1004,975,1030,908,1030
;
127,1050,208,1050,208,1070,127,1070
280,1041,509,1041,509,1093,280,1093
523,1038,599,1038,599,1076,523,1076
601,1044,784,1044,784,1082,601,1082
793,1046,860,1050,858,1081,791,1077
862,1044,923,1044,923,1090,862,1090
;
127,1090,150,1090,150,1119,127,1119
212,1077,464,1094,461,1147,208,1130
471,1090,680,1090,680,1131,471,1131
685,1093,720,1093,720,1122,685,1122
730,1087,827,1100,822,1134,726,1121
836,1085,865,1085,865,1122,836,1122
858,1094,977,1090,979,1130,860,1135
980,1090,1030,1090,1030,1122,980,1122
1030,1085,1059,1085,1059,1119,1030,1119
;
173,1143,272,1143,272,1166,173,1166
283,1133,472,1138,471,1172,282,1167
468,1134,529,1134,529,1166,468,1166
526,1140,665,1140,665,1180,526,1180
671,1143,714,1143,714,1169,671,1169
713,1135,820,1146,817,1184,709,1174
817,1136,991,1127,993,1174,819,1183
992,1148,1059,1148,1059,1174,992,1174
;
225,1177,387,1177,387,1258,225,1258
;
384,1189,419,1189,419,1209,384,1209
428,1189,489,1189,489,1212,428,1212
509,1192,535,1192,535,1215,509,1215
555,1200,636,1200,636,1218,555,1218
;
347,1221,384,1221,384,1252,347,1252
387,1232,627,1232,627,1270,387,1270
642,1224,729,1224,729,1261,642,1261
746,1229,853,1229,853,1261,746,1261
;
853,1244,871,1244,871,1261,853,1261
871,1238,923,1238,923,1276,871,1276
923,1232,992,1232,992,1284,923,1284
983,1235,1073,1235,1073,1267,983,1267
;
137,1273,352,1266,354,1304,139,1311
358,1267,491,1267,491,1305,358,1305
500,1284,538,1284,538,1305,500,1305
539,1269,710,1285,707,1325,536,1309
708,1276,792,1276,792,1322,708,1322
801,1273,891,1273,891,1310,801,1310
897,1279,949,1279,949,1310,897,1310
952,1286,1051,1290,1050,1313,951,1309
;
512,1307,596,1307,596,1357,512,1357
;
112,1322,205,1322,205,1357,112,1357
283,1325,379,1325,379,1348,283,1348
376,1325,425,1325,425,1351,376,1351
439,1325,512,1325,512,1354,439,1354
599,1319,639,1319,639,1351,599,1351
640,1319,777,1331,774,1364,637,1352
772,1322,873,1322,873,1362,772,1362
880,1317,1061,1335,1057,1371,876,1354
;
141,1362,202,1362,202,1389,141,1389
202,1368,254,1368,254,1389,202,1389
258,1351,399,1368,394,1405,254,1388
399,1365,506,1365,506,1409,399,1409
506,1363,614,1369,613,1402,505,1397
616,1374,662,1374,662,1400,616,1400
;
665,1374,723,1374,723,1417,665,1417
720,1377,831,1381,830,1404,719,1400
835,1380,948,1375,950,1416,837,1421
944,1383,1058,1376,1060,1415,946,1421
;
144,1406,237,1406,237,1438,144,1438
277,1403,410,1403,410,1441,277,1441
;
425,1417,517,1417,517,1441,425,1441
526,1417,544,1417,544,1441,526,1441
545,1412,627,1418,623,1461,541,1454
625,1417,735,1417,735,1446,625,1446
737,1420,787,1420,787,1449,737,1449
792,1423,833,1423,833,1449,792,1449
836,1420,966,1420,966,1464,836,1464
969,1420,1047,1420,1047,1455,969,1455
;
115,1455,266,1458,265,1495,114,1491
283,1461,402,1461,402,1484,283,1484
405,1464,442,1464,442,1484,405,1484
449,1456,580,1463,577,1513,446,1506
625,1458,729,1458,729,1507,625,1507
737,1467,792,1467,792,1507,737,1507
792,1461,891,1461,891,1504,792,1504
897,1462,1083,1470,1081,1512,895,1505
;
285,1494,453,1513,448,1560,279,1540
454,1510,575,1510,575,1542,454,1542
572,1504,616,1504,616,1548,572,1548
610,1510,743,1510,743,1539,610,1539
755,1507,807,1507,807,1545,755,1545
891,1510,1004,1510,1004,1562,891,1562
;
806,1545,850,1510,900,1574,856,1609
;
856,1516,902,1516,902,1542,856,1542
1009,1519,1070,1519,1070,1536,1009,1536
;
280,1551,399,1551,399,1579,280,1579
408,1551,535,1551,535,1579,408,1579
541,1549,723,1552,723,1583,540,1579
732,1553,810,1553,810,1579,732,1579
818,1559,836,1559,836,1579,818,1579
897,1551,1070,1551,1070,1597,897,1597
;
277,1588,425,1588,425,1640,277,1640
;
