262,123,388,131,384,190,258,182
;
716,141,836,144,834,189,714,185
;
566,150,708,141,714,229,572,239
;
385,150,565,153,565,188,385,184
857,147,913,147,913,188,857,188
905,150,1001,158,998,193,902,184
;
1002,161,1168,165,1167,196,1002,192
;
347,194,434,194,434,228,347,228
434,197,475,197,475,226,434,226
475,197,597,197,597,231,475,231
634,194,765,194,765,231,634,231
;
909,214,1121,204,1122,237,910,247
;
594,205,623,205,623,234,594,234
762,208,823,208,823,240,762,240
826,205,907,205,907,234,826,234
1121,217,1185,217,1185,234,1121,234
;
799,228,826,228,826,255,799,255
828,237,849,237,849,255,828,255
;
301,243,342,243,342,272,301,272
;
738,252,1031,243,1032,281,739,290
;
272,249,304,249,304,272,272,272
423,246,579,246,579,275,423,275
;
347,249,417,249,417,284,347,284
582,255,640,255,640,275,582,275
657,257,695,257,695,278,657,278
704,252,739,252,739,278,704,278
1046,249,1159,249,1159,281,1046,281
;
197,280,358,292,353,369,192,358
;
289,292,339,292,339,315,289,315
;
342,295,385,295,385,333,342,333
434,292,544,292,544,333,434,333
837,298,933,298,933,333,837,333
930,298,1037,298,1037,344,930,344
1037,292,1208,292,1208,342,1037,342
;
391,301,434,301,434,321,391,321
568,301,675,301,675,324,568,324
724,307,837,307,837,327,724,327
;
350,336,443,336,443,376,350,376
;
1003,341,1166,347,1164,386,1001,381
;
440,342,475,342,475,371,440,371
472,342,518,342,518,368,472,368
;
524,344,547,344,547,371,524,371
547,342,643,342,643,382,547,382
669,347,776,347,776,371,669,371
779,353,904,353,904,376,779,376
;
910,359,947,359,947,376,910,376
;
215,376,338,383,336,418,213,411
;
1047,383,1169,407,1161,449,1039,424
;
342,390,470,395,468,431,340,426
830,400,1010,390,1012,425,832,435
;
469,391,602,391,602,417,469,417
;
623,391,756,391,756,434,623,434
;
765,399,826,399,826,437,765,437
1020,405,1040,405,1040,426,1020,426
;
351,426,525,444,521,484,347,466
;
202,437,284,437,284,457,202,457
286,431,327,431,327,457,286,457
;
666,437,791,437,791,478,666,478
873,446,973,439,975,473,875,480
;
527,440,655,440,655,466,527,466
;
788,440,846,440,846,478,788,478
;
979,446,1101,446,1101,486,979,486
;
846,449,878,449,878,472,846,472
;
1098,452,1159,452,1159,486,1098,486
;
348,472,489,490,483,539,342,521
814,490,941,475,946,521,820,536
;
267,487,312,482,314,501,269,506
;
498,489,550,489,550,521,498,521
553,489,675,489,675,518,553,518
681,486,759,486,759,515,681,515
771,495,816,490,818,512,774,517
;
953,495,1014,495,1014,533,953,533
1016,495,1118,491,1120,530,1018,535
1118,495,1182,495,1182,524,1118,524
;
342,533,462,525,465,566,344,574
472,530,570,530,570,568,472,568
570,530,869,530,869,573,570,573
914,536,1054,529,1056,567,916,575
;
252,533,292,533,292,550,252,550
;
875,533,915,533,915,570,875,570
;
1052,544,1130,544,1130,579,1052,579
1136,546,1192,551,1190,572,1134,567
;
223,568,307,568,307,599,223,599
;
351,572,451,580,448,610,348,602
;
620,583,785,587,785,612,619,608
;
855,591,926,584,930,617,858,624
;
463,588,478,588,478,608,463,608
481,588,611,588,611,608,481,608
805,585,849,585,849,611,805,611
;
933,588,1031,588,1031,626,933,626
;
1043,588,1165,588,1165,672,1043,672
;
924,625,1051,610,1056,653,929,668
;
344,617,414,617,414,649,344,649
;
748,618,888,627,886,660,746,651
898,620,918,620,918,655,898,655
;
188,620,226,620,226,643,188,643
228,620,315,620,315,649,228,649
417,623,481,623,481,652,417,652
;
614,623,704,623,704,660,614,660
;
489,628,524,628,524,646,489,646
527,626,614,626,614,652,527,652
713,623,739,623,739,649,713,649
;
198,644,324,667,317,707,190,684
;
347,657,431,657,431,742,347,742
;
502,664,647,672,644,715,499,707
;
434,669,484,669,484,698,434,698
;
646,669,768,669,768,713,646,713
770,672,979,672,979,704,770,704
976,678,1043,678,1043,701,976,701
1046,678,1173,678,1173,710,1046,710
;
191,704,255,704,255,736,191,736
;
402,707,492,707,492,762,402,762
;
261,708,326,713,324,743,259,738
504,713,602,713,602,744,504,744
;
727,718,776,718,776,756,727,756
941,715,1040,715,1040,753,941,753
1043,718,1147,718,1147,750,1043,750
;
849,725,944,719,946,757,852,763
;
773,721,849,721,849,747,773,747
;
597,724,727,724,727,762,597,762
;
260,756,327,756,327,785,260,785
;
823,762,997,762,997,805,823,805
;
217,765,249,765,249,782,217,782
;
347,765,423,765,423,802,347,802
;
421,771,567,765,569,808,423,814
;
573,770,660,770,660,791,573,791
669,770,736,770,736,794,669,794
736,768,823,768,823,797,736,797
;
249,782,347,782,347,840,249,840
;
182,802,257,802,257,840,182,840
340,810,412,799,418,837,345,848
420,811,475,811,475,834,420,834
492,808,550,808,550,837,492,837
573,799,631,799,631,840,573,840
626,805,695,805,695,834,626,834
704,807,778,811,776,841,703,837
821,803,908,807,906,844,819,840
;
799,817,823,817,823,852,799,852
907,820,976,820,976,855,907,855
979,814,1086,814,1086,846,979,846
1086,820,1147,820,1147,846,1086,846
;
589,843,767,861,763,900,585,882
941,845,1036,857,1030,906,935,894
;
199,849,243,849,243,878,199,878
;
344,849,513,849,513,898,344,898
773,849,892,849,892,892,773,892
;
252,852,321,852,321,875,252,875
;
518,857,573,857,573,892,518,892
;
1032,861,1157,867,1155,907,1030,902
;
188,889,223,889,223,910,188,910
;
257,892,336,892,336,927,257,927
;
765,910,911,896,915,933,769,948
;
217,898,257,898,257,924,217,924
347,901,417,901,417,927,347,927
417,901,521,901,521,927,417,927
617,897,757,903,756,933,616,927
;
533,907,614,907,614,941,533,941
917,907,993,903,996,941,919,945
994,903,1159,907,1158,949,993,946
;
307,944,327,944,327,970,307,970
;
402,944,498,944,498,988,402,988
;
240,947,304,947,304,970,240,970
507,944,539,944,539,976,507,976
;
994,947,1098,947,1098,991,994,991
;
194,950,240,950,240,970,194,970
542,948,707,952,707,980,541,976
713,950,860,950,860,979,713,979
924,950,991,950,991,985,924,985
1095,950,1141,950,1141,979,1095,979
;
864,959,924,955,927,990,867,995
;
353,956,394,956,394,976,353,976
;
345,986,433,992,431,1023,343,1017
;
430,997,534,988,537,1025,433,1034
;
918,997,1141,993,1142,1041,919,1045
;
240,997,318,997,318,1020,240,1020
536,999,573,999,573,1026,536,1026
;
574,1006,666,1000,668,1036,577,1041
;
843,1002,918,1002,918,1026,843,1026
;
669,1002,826,1005,825,1036,669,1033
;
223,1049,295,1049,295,1072,223,1072
342,1046,394,1046,394,1072,342,1072
399,1037,510,1037,510,1081,399,1081
953,1040,991,1040,991,1072,953,1072
;
820,1055,875,1055,875,1075,820,1075
;
466,1081,536,1081,536,1115,466,1115
;
282,1081,399,1095,395,1132,278,1118
;
408,1084,466,1084,466,1115,408,1115
;
846,1085,1033,1097,1030,1141,844,1129
1064,1100,1198,1090,1201,1126,1067,1136
;
550,1092,756,1092,756,1144,550,1144
;
762,1095,799,1095,799,1121,762,1121
811,1095,840,1095,840,1127,811,1127
1040,1095,1066,1095,1066,1133,1040,1133
;
1173,1133,1191,1133,1191,1144,1173,1144
;
347,1136,440,1136,440,1168,347,1168
;
1062,1151,1160,1138,1165,1174,1067,1187
;
321,1144,339,1144,339,1170,321,1170
446,1144,484,1144,484,1168,446,1168
486,1141,521,1141,521,1170,486,1170
594,1144,637,1144,637,1173,594,1173
634,1144,724,1144,724,1176,634,1176
727,1141,901,1141,901,1170,727,1170
913,1144,1043,1144,1043,1176,913,1176
;
510,1144,599,1144,599,1223,510,1223
;
1043,1150,1066,1150,1066,1170,1043,1170
;
194,1185,286,1185,286,1208,194,1208
348,1172,518,1186,514,1232,344,1218
597,1185,643,1185,643,1211,597,1211
640,1182,739,1182,739,1220,640,1220
753,1187,892,1168,898,1214,759,1232
;
947,1185,1063,1185,1063,1228,947,1228
1075,1185,1130,1185,1130,1220,1075,1220
;
286,1188,333,1188,333,1205,286,1205
907,1191,947,1191,947,1211,907,1211
;
246,1220,295,1220,295,1252,246,1252
;
748,1225,899,1232,897,1274,746,1267
;
665,1231,738,1227,740,1257,666,1261
910,1228,941,1228,941,1257,910,1257
;
343,1234,460,1230,461,1268,345,1273
464,1229,581,1238,578,1278,461,1270
997,1231,1104,1231,1104,1275,997,1275
;
578,1235,666,1231,667,1260,579,1264
;
944,1234,999,1234,999,1272,944,1272
;
249,1275,339,1275,339,1304,249,1304
344,1278,449,1278,449,1304,344,1304
455,1275,484,1275,484,1301,455,1301
565,1265,702,1269,701,1307,564,1304
707,1269,846,1269,846,1310,707,1310
;
484,1281,542,1281,542,1315,484,1315
849,1281,913,1281,913,1318,849,1318
918,1278,1147,1278,1147,1315,918,1315
;
789,1335,943,1304,957,1374,803,1405
;
202,1308,340,1325,336,1364,197,1347
542,1318,679,1323,678,1363,541,1359
;
475,1324,536,1324,536,1376,475,1376
;
408,1327,449,1327,449,1356,408,1356
;
675,1327,811,1327,811,1373,675,1373
;
457,1330,478,1330,478,1353,457,1353
;
344,1330,405,1330,405,1368,344,1368
;
956,1330,999,1330,999,1356,956,1356
;
1001,1339,1072,1335,1073,1359,1003,1363
1081,1330,1144,1330,1144,1368,1081,1368
;
833,1359,981,1371,978,1410,830,1399
;
188,1362,269,1362,269,1394,188,1394
;
269,1379,310,1379,310,1397,269,1397
344,1379,397,1379,397,1399,344,1399
399,1370,486,1370,486,1411,399,1411
492,1373,695,1373,695,1405,492,1405
698,1370,744,1370,744,1408,698,1408
753,1379,802,1379,802,1399,753,1399
1020,1370,1165,1370,1165,1408,1020,1408
;
344,1408,397,1408,397,1498,344,1498
;
701,1422,782,1409,789,1450,707,1462
;
782,1410,842,1414,840,1444,780,1440
;
398,1412,478,1420,474,1456,394,1448
;
846,1414,886,1414,886,1443,846,1443
;
484,1420,533,1420,533,1449,484,1449
533,1420,576,1420,576,1457,533,1457
576,1420,710,1420,710,1455,576,1455
886,1414,1023,1414,1023,1455,886,1455
1026,1414,1136,1414,1136,1452,1026,1452
;
806,1463,929,1456,932,1505,809,1512
;
228,1466,304,1466,304,1486,228,1486
373,1469,428,1469,428,1489,373,1489
455,1460,637,1460,637,1492,455,1492
637,1469,701,1469,701,1489,637,1489
719,1458,809,1463,808,1497,717,1492
;
256,1487,434,1500,430,1554,252,1541
437,1507,489,1507,489,1536,437,1536
568,1507,631,1507,631,1539,568,1539
1092,1504,1127,1504,1127,1539,1092,1539
;
487,1514,567,1508,570,1543,490,1549
753,1512,814,1512,814,1544,753,1544
872,1512,904,1512,904,1544,872,1544
907,1515,1089,1515,1089,1539,907,1539
;
698,1515,750,1515,750,1559,698,1559
823,1515,878,1515,878,1550,823,1550
;
634,1518,686,1518,686,1539,634,1539
;
342,1547,434,1547,434,1599,342,1599
437,1544,524,1544,524,1597,437,1597
623,1541,773,1541,773,1602,623,1602
898,1550,994,1550,994,1588,898,1588
;
522,1558,622,1551,625,1598,524,1604
;
770,1553,808,1553,808,1585,770,1585
;
1084,1562,1155,1555,1158,1588,1087,1595
;
199,1556,266,1556,266,1576,199,1576
811,1556,898,1556,898,1582,811,1582
1005,1559,1081,1559,1081,1579,1005,1579
;
484,1594,553,1594,553,1643,484,1643
;
704,1599,805,1599,805,1652,704,1652
;
443,1602,478,1602,478,1634,443,1634
979,1602,1049,1602,1049,1631,979,1631
1107,1602,1136,1602,1136,1631,1107,1631
;
336,1604,441,1608,439,1645,334,1641
809,1609,895,1604,897,1642,811,1647
;
608,1605,663,1605,663,1631,608,1631
;
888,1608,979,1605,981,1640,890,1644
;
275,1608,324,1608,324,1626,275,1626
663,1611,704,1611,704,1631,663,1631
;
550,1611,608,1611,608,1649,550,1649
1055,1611,1104,1611,1104,1649,1055,1649
;
