855,54,927,54,927,109,855,109
;
794,60,855,60,855,121,794,121
996,63,1106,63,1106,109,996,109
1138,75,1167,75,1167,115,1138,115
;
245,138,473,138,473,173,245,173
483,147,606,139,608,178,486,186
615,144,702,144,702,173,615,173
710,132,782,132,782,170,710,170
785,138,895,138,895,176,785,176
893,129,1070,138,1068,180,891,171
;
184,150,242,150,242,196,184,196
;
161,202,190,202,190,219,161,219
280,196,366,196,366,222,280,222
378,187,424,187,424,222,378,222
433,187,465,187,465,219,433,219
473,193,531,193,531,234,473,234
528,187,673,187,673,231,528,231
673,193,823,193,823,228,673,228
823,187,941,187,941,219,823,219
938,193,985,193,985,222,938,222
985,187,1016,187,1016,216,985,216
1019,193,1071,193,1071,213,1019,213
;
69,213,156,213,156,248,69,248
;
262,239,355,239,355,268,262,268
358,239,485,239,485,271,358,271
569,239,713,239,713,265,569,265
719,234,860,234,860,271,719,271
863,234,999,234,999,262,863,262
1002,231,1066,231,1066,260,1002,260
;
496,242,563,242,563,280,496,280
;
124,274,234,292,229,323,119,304
314,286,346,286,346,314,314,314
349,286,563,286,563,314,349,314
576,267,688,281,682,333,570,320
690,288,733,288,733,317,690,317
733,283,855,283,855,317,733,317
858,280,999,280,999,317,858,317
996,286,1080,286,1080,312,996,312
;
274,291,317,291,317,335,274,335
;
142,326,215,330,213,361,140,357
276,338,418,334,419,375,277,378
424,340,482,340,482,361,424,361
491,340,528,340,528,361,491,361
530,320,675,333,671,376,526,363
670,332,742,332,742,366,670,366
748,335,803,335,803,375,748,375
803,329,886,329,886,361,803,361
892,332,970,332,970,361,892,361
970,335,1060,335,1060,369,970,369
;
277,381,329,381,329,413,277,413
329,389,437,376,441,409,333,422
562,387,617,382,619,406,564,411
670,387,780,387,780,416,670,416
;
497,424,557,420,559,453,500,457
695,411,871,395,876,451,700,467
866,421,996,421,996,453,866,453
;
559,433,690,429,691,467,560,471
;
1005,430,1068,430,1068,447,1005,447
;
222,433,265,433,265,459,222,459
306,430,496,430,496,470,306,470
;
54,439,124,439,124,488,54,488
;
280,468,364,468,364,502,280,502
373,482,502,472,504,505,376,515
517,476,624,476,624,514,517,514
630,471,735,463,738,505,633,512
736,476,791,476,791,505,736,505
788,473,901,473,901,517,788,517
901,476,979,476,979,499,901,499
;
158,496,199,496,199,540,158,540
;
274,517,361,517,361,560,274,560
358,525,465,525,465,563,358,563
468,525,499,525,499,560,468,560
514,528,569,528,569,557,514,557
572,525,725,525,725,569,572,569
739,528,797,528,797,563,739,563
800,528,817,528,817,551,800,551
823,528,866,528,866,548,823,548
863,522,910,522,910,554,863,554
908,526,1051,521,1052,559,910,563
;
11,551,80,551,80,600,11,600
;
27,637,111,553,156,598,72,681
;
282,577,438,572,440,609,283,614
441,578,647,573,647,611,442,615
654,573,745,569,746,597,656,601
754,577,774,577,774,598,754,598
778,569,895,565,896,606,780,610
895,569,1002,569,1002,603,895,603
;
326,617,422,621,421,651,325,647
430,612,473,612,473,641,430,641
479,615,502,615,502,641,479,641
514,618,560,618,560,647,514,647
560,615,676,615,676,644,560,644
681,612,745,612,745,641,681,641
748,606,878,606,878,641,748,641
891,612,1051,607,1052,640,892,646
;
179,632,245,624,248,656,182,663
277,621,329,621,329,661,277,661
;
4,667,166,627,177,671,15,711
277,655,381,655,381,690,277,690
884,655,979,655,979,699,884,699
977,647,1100,642,1101,680,979,685
;
391,670,481,663,483,690,393,697
486,664,661,657,663,707,488,714
667,658,892,658,892,710,667,710
;
11,705,221,669,231,725,21,761
787,702,883,697,885,730,788,735
886,705,1068,698,1070,741,887,748
;
286,716,332,716,332,739,286,739
338,716,381,716,381,748,338,748
395,713,450,713,450,736,395,736
442,716,504,701,512,737,451,752
511,707,566,707,566,736,511,736
563,704,598,704,598,739,563,739
603,710,658,710,658,748,603,748
664,710,780,710,780,748,664,748
;
378,754,491,754,491,788,378,788
508,751,606,751,606,782,508,782
606,756,742,756,742,791,606,791
754,756,791,756,791,780,754,780
797,748,872,748,872,777,797,777
875,745,965,749,964,777,874,774
966,751,1091,745,1093,785,968,791
;
132,762,280,762,280,782,132,782
277,762,374,756,377,797,280,804
;
214,803,281,809,278,838,211,832
365,805,444,788,452,823,373,840
447,794,577,794,577,826,447,826
693,788,788,788,788,832,693,832
791,788,898,788,898,823,791,823
906,797,1088,789,1090,828,907,836
;
118,811,187,811,187,832,118,832
280,803,369,803,369,843,280,843
577,806,687,806,687,840,577,840
;
910,834,956,834,956,863,910,863
999,840,1100,840,1100,863,999,863
;
132,852,202,852,202,878,132,878
283,840,338,840,338,875,283,875
343,852,369,852,369,878,343,878
381,852,470,852,470,889,381,889
473,852,520,852,520,872,473,872
520,852,548,852,548,872,520,872
550,849,658,845,659,880,551,884
664,846,713,846,713,884,664,884
713,849,777,849,777,869,713,869
820,846,875,842,877,877,823,882
881,846,910,846,910,863,881,863
959,840,996,840,996,875,959,875
;
139,894,244,883,247,915,143,926
494,886,554,886,554,927,494,927
557,886,635,886,635,918,557,918
690,881,811,881,811,915,690,915
806,884,855,884,855,912,806,912
855,881,950,881,950,918,855,918
949,887,1011,882,1012,903,950,907
1008,881,1057,881,1057,910,1008,910
;
281,886,437,895,434,946,278,937
638,889,690,889,690,927,638,927
;
436,895,482,895,482,915,436,915
;
141,941,268,941,268,982,141,982
390,927,500,931,499,974,389,970
494,933,563,933,563,967,494,967
562,942,734,925,738,967,566,983
777,936,904,936,904,976,777,976
901,933,1016,933,1016,964,901,964
1019,933,1074,933,1074,962,1019,962
;
262,941,381,941,381,988,262,988
;
739,941,780,941,780,964,739,964
;
650,970,719,970,719,1019,650,1019
889,979,967,979,967,1019,889,1019
980,969,1079,975,1077,1011,977,1004
;
140,999,190,995,191,1013,141,1018
193,996,234,996,234,1016,193,1016
283,990,384,990,384,1016,283,1016
385,991,491,986,492,1027,387,1032
496,990,528,990,528,1028,496,1028
531,985,563,985,563,1014,531,1014
563,985,595,985,595,1011,563,1011
600,982,652,982,652,1028,600,1028
719,988,771,988,771,1025,719,1025
777,990,820,990,820,1011,777,1011
823,988,860,988,860,1011,823,1011
869,985,889,985,889,1008,869,1008
;
875,1019,915,1019,915,1054,875,1054
988,1025,1077,1025,1077,1054,988,1054
;
309,1026,434,1032,432,1065,308,1059
525,1031,647,1031,647,1060,525,1060
832,1037,877,1032,880,1053,835,1058
915,1034,930,1034,930,1054,915,1054
933,1034,985,1034,985,1054,933,1054
;
130,1040,257,1040,257,1068,130,1068
430,1034,525,1034,525,1077,430,1077
652,1034,693,1034,693,1068,652,1068
699,1037,829,1037,829,1071,699,1071
;
138,1086,239,1086,239,1109,138,1109
239,1089,257,1089,257,1109,239,1109
280,1077,320,1077,320,1123,280,1123
323,1083,465,1083,465,1112,323,1112
465,1086,514,1086,514,1120,465,1120
517,1083,678,1083,678,1120,517,1120
681,1077,710,1077,710,1106,681,1106
716,1071,782,1071,782,1109,716,1109
787,1078,889,1073,891,1116,789,1120
889,1074,964,1074,964,1100,889,1100
973,1083,996,1083,996,1103,973,1103
996,1071,1068,1071,1068,1103,996,1103
;
152,1126,253,1123,255,1152,153,1156
286,1126,346,1126,346,1152,286,1152
346,1123,537,1127,537,1164,346,1160
545,1127,736,1123,737,1167,546,1171
743,1127,834,1123,836,1160,745,1165
834,1120,895,1120,895,1152,834,1152
898,1126,962,1126,962,1161,898,1161
976,1129,1022,1129,1022,1149,976,1149
1022,1123,1077,1123,1077,1149,1022,1149
;
199,1168,265,1175,262,1205,196,1198
281,1179,407,1171,409,1206,283,1214
417,1160,551,1176,546,1215,412,1199
551,1175,595,1175,595,1198,551,1198
590,1176,735,1167,737,1203,592,1211
748,1167,904,1167,904,1198,748,1198
915,1175,1083,1171,1084,1205,916,1209
;
999,1207,1077,1207,1077,1248,999,1248
;
127,1224,234,1224,234,1248,127,1248
285,1222,482,1217,483,1261,286,1265
491,1213,595,1213,595,1250,491,1250
603,1216,699,1216,699,1245,603,1245
702,1222,754,1222,754,1256,702,1256
758,1208,897,1225,892,1266,753,1249
892,1224,989,1212,993,1244,895,1255
;
121,1270,189,1274,187,1306,119,1302
193,1268,260,1268,260,1291,193,1291
286,1259,329,1259,329,1291,286,1291
332,1253,514,1253,514,1305,332,1305
520,1258,700,1267,698,1299,518,1291
700,1273,822,1248,832,1294,709,1318
826,1259,930,1259,930,1305,826,1305
928,1267,1005,1261,1007,1295,931,1301
1005,1262,1063,1262,1063,1288,1005,1288
;
135,1323,164,1323,164,1337,135,1337
167,1317,219,1317,219,1337,167,1337
286,1320,329,1320,329,1343,286,1343
335,1317,375,1317,375,1337,335,1337
390,1320,444,1320,444,1349,390,1349
446,1319,609,1313,610,1350,447,1356
621,1305,777,1305,777,1363,621,1363
777,1311,826,1311,826,1343,777,1343
829,1317,869,1317,869,1340,829,1340
867,1317,978,1310,981,1345,869,1353
982,1320,1014,1320,1014,1337,982,1337
1016,1317,1100,1317,1100,1337,1016,1337
;
279,1348,427,1345,427,1383,280,1387
;
127,1366,234,1366,234,1386,127,1386
436,1363,476,1363,476,1386,436,1386
479,1363,572,1363,572,1386,479,1386
570,1364,710,1355,712,1387,572,1396
722,1357,797,1357,797,1386,722,1386
794,1356,879,1360,877,1390,793,1386
888,1363,976,1359,978,1397,889,1401
979,1366,1031,1366,1031,1389,979,1389
;
190,1405,264,1410,262,1445,188,1441
283,1404,382,1409,380,1440,281,1435
384,1409,482,1409,482,1444,384,1444
485,1398,609,1398,609,1441,485,1441
621,1401,690,1401,690,1432,621,1432
693,1401,745,1401,745,1432,693,1432
744,1412,941,1408,942,1441,745,1446
941,1406,1060,1406,1060,1444,941,1444
;
146,1453,198,1445,203,1477,152,1485
286,1450,462,1450,462,1487,286,1487
476,1444,540,1444,540,1482,476,1482
537,1456,635,1456,635,1479,537,1479
641,1450,719,1450,719,1479,641,1479
736,1453,794,1453,794,1493,736,1493
820,1454,920,1442,924,1480,824,1492
921,1450,982,1450,982,1490,921,1490
985,1447,1060,1447,1060,1493,985,1493
;
28,1487,227,1468,232,1518,32,1537
1010,1499,1083,1475,1097,1519,1025,1543
;
208,1476,361,1476,361,1571,208,1571
;
364,1494,421,1489,424,1519,367,1524
425,1494,498,1500,495,1530,422,1524
508,1496,554,1496,554,1525,508,1525
557,1489,691,1493,690,1526,557,1522
694,1489,821,1495,819,1542,692,1536
813,1502,1010,1494,1012,1529,814,1537
;
77,1549,207,1544,208,1574,78,1579
352,1545,387,1545,387,1565,352,1565
395,1548,447,1548,447,1580,395,1580
450,1542,511,1542,511,1571,450,1571
511,1539,572,1539,572,1571,511,1571
580,1548,670,1548,670,1568,580,1568
673,1548,690,1548,690,1568,673,1568
690,1551,745,1551,745,1568,690,1568
755,1542,846,1539,847,1569,756,1572
853,1532,1015,1545,1013,1581,850,1568
1016,1548,1106,1548,1106,1568,1016,1568
;
288,1583,364,1583,364,1614,288,1614
390,1591,430,1591,430,1617,390,1617
433,1591,476,1591,476,1617,433,1617
543,1592,735,1579,737,1620,546,1633
745,1591,803,1591,803,1629,745,1629
806,1588,823,1588,823,1614,806,1614
843,1586,950,1586,950,1614,843,1614
954,1577,1093,1588,1090,1625,951,1614
;
479,1594,543,1594,543,1635,479,1635
;
