817,64,945,47,953,104,824,122
;
1013,55,1145,66,1140,127,1008,116
;
330,130,420,130,420,185,330,185
758,138,867,151,862,189,754,176
876,142,960,142,960,177,876,177
959,133,1059,141,1055,186,955,178
;
533,155,634,145,639,190,538,200
;
429,156,447,156,447,182,429,182
447,153,542,153,542,185,447,185
632,153,670,153,670,179,632,179
671,145,753,150,751,184,669,179
;
79,163,153,158,155,186,81,191
159,162,191,162,191,185,159,185
197,162,258,162,258,182,197,182
290,165,333,165,333,185,290,185
;
246,187,351,199,342,279,238,267
;
863,194,954,189,956,220,865,225
;
342,203,394,203,394,229,342,229
531,203,557,203,557,229,531,229
560,197,656,197,656,229,560,229
667,200,734,200,734,223,667,223
737,200,766,200,766,223,737,223
960,200,1024,200,1024,220,960,220
;
792,203,868,203,868,246,792,246
;
98,214,148,214,148,232,98,232
179,211,229,211,229,232,179,232
394,206,458,206,458,226,394,226
476,206,531,206,531,226,476,226
;
389,243,574,243,574,278,389,278
844,243,981,243,981,272,844,272
984,235,1091,235,1091,275,984,275
;
731,246,892,256,887,342,726,332
;
316,249,371,249,371,281,316,281
577,249,647,249,647,287,577,287
;
647,249,722,249,722,275,647,275
;
110,261,150,261,150,278,110,278
150,255,206,255,206,284,150,284
;
255,288,488,293,487,336,255,331
;
659,290,702,290,702,322,659,322
899,293,958,293,958,322,899,322
960,293,1056,293,1056,322,960,322
;
107,301,194,301,194,328,107,328
505,301,528,301,528,330,505,330
531,304,569,304,569,325,531,325
574,299,650,299,650,325,574,325
693,296,754,296,754,333,693,333
;
910,338,1044,318,1050,360,916,380
;
81,348,156,348,156,368,81,368
159,351,206,351,206,371,159,371
264,351,313,351,313,368,264,368
354,345,400,345,400,377,354,377
424,339,575,346,574,375,423,368
583,345,685,345,685,380,583,380
731,345,836,345,836,374,731,374
873,345,917,345,917,371,873,371
;
423,391,441,391,441,418,423,418
470,394,531,394,531,420,470,420
656,383,747,389,745,423,654,417
772,383,917,383,917,420,772,420
926,391,1045,395,1044,419,925,415
;
310,400,368,400,368,420,310,420
548,400,571,400,571,418,548,418
571,397,650,397,650,423,571,423
;
534,429,682,429,682,470,534,470
702,438,743,438,743,464,702,464
754,432,839,432,839,479,754,479
847,432,891,432,891,464,847,464
934,420,1065,439,1059,482,928,463
;
888,438,1030,438,1030,519,888,519
;
287,441,345,441,345,470,287,470
345,447,386,447,386,470,345,470
400,447,444,447,444,470,400,470
455,444,505,444,505,470,455,470
;
261,481,333,481,333,516,261,516
333,481,420,481,420,516,333,516
492,485,568,481,570,510,493,515
589,476,679,476,679,510,589,510
682,481,705,481,705,508,682,508
701,483,786,479,787,507,702,511
781,485,875,477,878,510,784,518
;
92,490,188,490,188,522,92,522
429,490,493,490,493,522,429,522
;
263,534,371,530,372,565,264,569
606,531,693,531,693,569,606,569
775,528,859,528,859,566,775,566
882,525,929,525,929,563,882,563
946,531,1004,531,1004,557,946,557
1007,528,1050,528,1050,554,1007,554
;
101,534,177,534,177,577,101,577
182,542,255,542,255,566,182,566
383,534,464,534,464,569,383,569
467,534,595,534,595,571,467,571
865,537,879,537,879,563,865,563
;
725,574,818,574,818,603,725,603
830,571,856,571,856,603,830,603
902,579,1027,574,1028,600,903,605
;
409,577,598,577,598,618,409,618
;
856,577,897,577,897,603,856,603
;
89,580,133,580,133,618,89,618
136,589,232,589,232,615,136,615
258,595,290,595,290,612,258,612
293,589,342,589,342,618,293,618
351,586,403,586,403,612,351,612
609,583,688,583,688,612,609,612
;
879,621,911,621,911,647,879,647
;
931,621,1062,621,1062,699,931,699
;
270,622,411,634,408,670,267,658
441,624,522,624,522,661,441,661
;
537,629,661,629,661,656,537,656
670,629,719,629,719,650,670,650
719,627,786,627,786,650,719,650
801,629,868,629,868,650,801,650
868,627,882,627,882,653,868,653
;
106,632,200,629,201,672,108,675
;
470,664,560,664,560,702,470,702
589,664,673,664,673,699,589,699
722,664,789,664,789,699,722,699
862,659,969,659,969,696,862,696
;
267,679,328,679,328,705,267,705
;
113,685,159,685,159,711,113,711
162,688,179,688,179,699,162,699
188,688,226,688,226,705,188,705
;
859,708,908,708,908,740,859,740
;
98,714,197,714,197,754,98,754
528,719,560,719,560,749,528,749
557,719,612,719,612,749,557,749
618,725,644,725,644,743,618,743
650,717,841,717,841,749,650,749
934,717,1056,717,1056,743,934,743
;
264,725,441,725,441,760,264,760
452,725,531,725,531,766,452,766
;
375,768,443,763,445,794,377,799
439,772,527,763,530,794,442,803
528,763,577,763,577,792,528,792
589,769,621,769,621,792,589,792
624,766,670,766,670,798,624,798
679,757,714,757,714,798,679,798
749,763,792,763,792,792,749,792
794,760,882,756,883,786,795,790
885,769,917,769,917,786,885,786
926,757,1056,757,1056,789,926,789
;
261,769,371,769,371,847,261,847
;
98,772,246,772,246,807,98,807
;
914,798,1045,798,1045,836,914,836
;
464,807,557,807,557,844,464,844
577,807,690,807,690,841,577,841
708,807,778,807,778,836,708,836
783,807,859,807,859,833,783,833
;
859,809,911,809,911,830,859,830
;
330,815,380,815,380,841,330,841
396,818,461,814,463,842,398,846
;
537,861,618,843,627,880,545,898
624,849,732,853,731,890,622,886
772,847,888,847,888,897,772,897
;
925,853,1047,850,1048,873,926,877
;
391,853,496,853,496,888,391,888
885,853,926,853,926,885,885,885
;
278,856,377,856,377,897,278,897
493,859,539,859,539,885,493,885
743,856,769,856,769,897,743,897
;
824,894,1059,894,1059,929,824,929
;
269,908,307,908,307,934,269,934
307,908,351,908,351,931,307,931
351,911,386,911,386,931,351,931
383,902,479,902,479,934,383,934
496,911,548,911,548,931,496,931
551,899,606,899,606,937,551,937
597,910,730,895,734,933,601,948
731,908,783,908,783,931,731,931
;
284,955,467,955,467,984,284,984
476,952,537,952,537,978,476,978
551,943,592,943,592,978,551,978
589,952,673,952,673,984,589,984
680,947,757,942,759,974,682,980
754,958,772,958,772,975,754,975
780,940,908,940,908,989,780,989
946,940,1027,940,1027,978,946,978
;
934,989,1056,989,1056,1016,934,1016
;
569,992,618,992,618,1030,569,1030
769,992,830,992,830,1021,769,1021
;
695,1001,769,997,771,1034,697,1038
;
275,1001,365,1001,365,1027,275,1027
519,998,566,998,566,1027,519,1027
839,998,894,998,894,1021,839,1021
;
441,1004,505,1004,505,1027,441,1027
629,1001,693,1001,693,1036,629,1036
;
365,1004,444,1004,444,1048,365,1048
;
821,1036,865,1036,865,1068,821,1068
885,1039,926,1039,926,1068,885,1068
992,1039,1091,1039,1091,1062,992,1062
;
490,1042,676,1042,676,1077,490,1077
689,1046,757,1040,759,1073,691,1078
766,1045,815,1045,815,1068,766,1068
;
272,1050,348,1050,348,1094,272,1094
;
345,1050,415,1050,415,1077,345,1077
423,1050,479,1050,479,1082,423,1082
;
503,1090,647,1085,650,1177,507,1183
;
277,1094,493,1087,494,1122,278,1129
690,1103,725,1103,725,1120,690,1120
812,1100,873,1100,873,1117,812,1117
;
850,1117,891,1117,891,1161,850,1161
;
174,1126,214,1126,214,1175,174,1175
217,1126,336,1126,336,1169,217,1169
596,1122,728,1135,723,1183,591,1170
891,1121,1009,1128,1005,1181,888,1174
;
1007,1126,1074,1126,1074,1158,1007,1158
;
336,1138,412,1138,412,1167,336,1167
423,1138,528,1138,528,1175,423,1175
719,1129,841,1129,841,1178,719,1178
;
133,1169,177,1169,177,1193,133,1193
868,1169,899,1169,899,1201,868,1201
;
615,1172,821,1175,821,1217,614,1213
818,1178,859,1178,859,1201,818,1201
;
409,1187,493,1180,496,1216,412,1224
;
177,1187,244,1191,243,1211,176,1207
269,1184,310,1184,310,1210,269,1210
310,1181,400,1181,400,1210,310,1210
493,1181,606,1181,606,1216,493,1216
929,1181,1027,1181,1027,1222,929,1222
1030,1187,1065,1187,1065,1207,1030,1207
;
885,1204,995,1204,995,1271,885,1271
;
402,1230,589,1224,590,1269,403,1275
661,1222,792,1222,792,1274,661,1274
792,1216,888,1216,888,1274,792,1274
;
148,1228,214,1228,214,1254,148,1254
992,1225,1039,1225,1039,1248,992,1248
;
583,1228,656,1228,656,1280,583,1280
;
275,1230,397,1230,397,1265,275,1265
;
967,1268,1047,1260,1050,1288,970,1296
;
431,1270,539,1265,540,1303,432,1308
;
683,1278,925,1265,929,1342,687,1355
;
624,1274,676,1274,676,1303,624,1303
;
264,1274,426,1274,426,1358,264,1358
;
540,1281,623,1276,626,1323,543,1327
;
168,1277,214,1277,214,1309,168,1309
;
362,1308,454,1321,447,1369,355,1356
;
815,1309,940,1309,940,1396,815,1396
;
632,1315,696,1315,696,1349,632,1349
944,1310,1063,1319,1061,1352,942,1344
;
458,1320,627,1320,627,1358,458,1358
775,1320,818,1320,818,1352,775,1352
;
127,1335,214,1335,214,1358,127,1358
;
881,1355,969,1364,964,1406,876,1398
966,1355,1053,1355,1053,1399,966,1399
;
261,1364,333,1364,333,1413,261,1413
410,1359,570,1372,566,1420,406,1408
606,1361,780,1361,780,1413,606,1413
;
775,1367,818,1367,818,1390,775,1390
;
271,1380,452,1367,457,1445,276,1458
;
566,1370,598,1370,598,1396,566,1396
;
574,1405,670,1405,670,1442,574,1442
786,1405,850,1405,850,1448,786,1448
847,1402,1062,1402,1062,1445,847,1445
;
455,1408,560,1408,560,1457,455,1457
749,1408,792,1408,792,1457,749,1457
;
635,1410,780,1410,780,1495,635,1495
;
119,1419,203,1419,203,1451,119,1451
;
409,1460,458,1460,458,1495,409,1495
545,1454,586,1454,586,1489,545,1489
583,1457,629,1457,629,1489,583,1489
778,1457,824,1457,824,1486,778,1486
836,1454,870,1454,870,1483,836,1483
873,1457,937,1457,937,1492,873,1492
943,1454,1056,1454,1056,1489,943,1489
;
435,1460,569,1460,569,1544,435,1544
;
267,1463,374,1463,374,1492,267,1492
389,1468,412,1468,412,1489,389,1489
;
87,1468,252,1468,252,1532,87,1532
;
650,1503,740,1503,740,1550,650,1550
;
217,1509,403,1509,403,1588,217,1588
;
20,1524,58,1524,58,1538,20,1538
400,1518,429,1518,429,1538,400,1538
571,1512,653,1512,653,1547,571,1547
;
427,1607,517,1531,553,1574,463,1649
;
337,1549,405,1544,408,1581,340,1586
;
409,1553,467,1553,467,1590,409,1590
548,1550,775,1550,775,1590,548,1590
783,1547,952,1547,952,1599,783,1599
946,1553,1097,1556,1097,1585,945,1582
;
281,1602,357,1602,357,1631,281,1631
481,1605,505,1605,505,1628,481,1628
510,1599,659,1599,659,1637,510,1637
676,1605,778,1605,778,1634,676,1634
778,1599,899,1599,899,1631,778,1631
894,1599,984,1599,984,1631,894,1631
985,1604,1056,1600,1057,1625,987,1629
;
362,1608,447,1608,447,1646,362,1646
;
