1048,60,1155,60,1155,107,1048,107
;
868,66,975,66,975,121,868,121
;
1071,119,1126,119,1126,156,1071,156
;
598,133,772,133,772,171,598,171
;
772,145,947,133,951,186,776,198
;
457,142,594,135,596,172,458,179
;
261,153,400,153,400,185,261,185
418,156,458,156,458,177,418,177
942,148,1047,143,1049,191,944,196
;
84,162,232,162,232,249,84,249
249,191,391,191,391,235,249,235
400,177,516,177,516,235,400,235
577,185,615,185,615,217,577,217
618,198,690,189,693,217,621,225
693,188,725,188,725,220,693,220
722,191,821,191,821,220,722,220
833,194,891,194,891,232,833,232
888,185,929,185,929,217,888,217
927,190,1082,176,1085,213,930,226
;
63,223,98,223,98,243,63,243
;
322,240,383,240,383,269,322,269
389,240,435,240,435,269,389,269
438,246,476,246,476,267,438,267
470,247,550,240,553,273,473,280
558,243,777,230,780,273,561,286
778,232,908,232,908,275,778,275
920,232,1100,232,1100,269,920,269
;
258,249,325,249,325,287,258,287
;
258,287,377,287,377,330,258,330
374,287,487,287,487,328,374,328
493,287,534,287,534,316,493,316
531,288,683,275,686,316,535,329
685,290,717,290,717,316,685,316
724,293,835,288,836,311,725,315
833,278,1039,278,1039,319,833,319
;
264,330,307,330,307,368,264,368
310,328,342,328,342,365,310,365
342,330,394,330,394,365,342,365
426,333,539,333,539,365,426,365
539,336,621,336,621,362,539,362
632,333,757,333,757,365,632,365
755,334,811,339,809,364,753,359
810,332,924,339,922,368,808,360
929,328,1071,328,1071,362,929,362
;
394,339,423,339,423,377,394,377
;
600,371,760,371,760,409,600,409
783,371,868,371,868,412,783,412
869,378,1004,373,1005,408,871,413
;
247,375,454,380,452,474,244,468
;
394,377,449,377,449,415,394,415
569,377,603,377,603,415,569,415
;
447,386,481,386,481,412,447,412
479,389,551,383,554,419,482,425
;
52,426,241,405,247,463,58,484
461,429,548,429,548,473,461,473
571,423,612,423,612,464,571,464
612,423,769,423,769,476,612,476
768,434,881,418,886,453,773,470
885,418,929,418,929,458,885,458
929,418,1053,418,1053,473,929,473
;
703,461,904,475,901,518,701,505
;
87,467,214,467,214,528,87,528
;
989,470,1007,470,1007,493,989,493
1016,470,1079,470,1079,490,1016,490
;
432,476,464,476,464,508,432,508
554,476,653,476,653,510,554,510
920,473,987,473,987,508,920,508
;
272,479,357,479,357,525,272,525
;
354,481,412,481,412,513,354,513
476,487,545,487,545,508,476,508
661,479,705,479,705,505,661,505
;
333,525,403,525,403,563,333,563
415,522,508,522,508,554,415,554
510,525,650,525,650,566,510,566
658,527,788,512,792,553,663,568
787,526,899,518,902,559,790,567
911,510,1062,510,1062,563,911,563
;
127,539,174,539,174,566,127,566
178,543,266,532,269,556,181,568
268,541,329,530,335,560,274,571
;
672,574,856,564,858,607,674,618
850,566,955,566,955,615,850,615
;
98,583,191,583,191,615,98,615
264,583,316,583,316,609,264,609
319,571,415,571,415,615,319,615
426,574,560,574,560,600,426,600
566,578,666,569,669,604,569,614
955,569,995,569,995,595,955,595
998,569,1065,569,1065,603,998,603
;
1014,603,1076,613,1070,650,1008,639
;
716,620,855,609,858,652,720,663
;
291,627,359,623,361,650,293,655
395,611,523,615,522,653,394,650
528,618,676,618,676,650,528,650
682,624,728,624,728,650,682,650
874,619,940,610,943,637,877,646
946,615,1013,615,1013,641,946,641
;
153,638,220,638,220,659,153,659
;
531,675,682,651,688,689,537,713
763,653,856,653,856,699,763,699
;
490,661,528,661,528,693,490,693
856,659,929,659,929,690,856,690
931,661,981,661,981,690,931,690
981,656,1039,656,1039,690,981,690
;
136,670,188,670,188,705,136,705
214,679,261,679,261,702,214,702
269,667,368,667,368,705,269,705
362,677,431,670,435,708,366,715
432,673,487,673,487,699,432,699
694,669,758,672,757,694,692,690
;
267,711,299,711,299,754,267,754
406,711,484,711,484,751,406,751
497,711,587,719,585,743,495,736
629,702,728,702,728,743,629,743
784,703,872,709,869,754,781,748
882,708,937,708,937,737,882,737
940,711,1053,711,1053,734,940,734
;
296,714,345,714,345,746,296,746
728,711,786,711,786,763,728,763
;
345,722,409,722,409,743,345,743
595,714,632,714,632,740,595,740
;
156,731,174,731,174,749,156,749
177,728,220,728,220,749,177,749
;
305,755,460,746,462,785,307,793
474,744,597,752,594,791,471,783
651,752,736,761,733,795,647,785
740,747,837,752,835,791,738,786
888,757,949,757,949,786,888,786
944,752,1056,748,1058,789,946,793
;
125,765,214,772,211,802,123,795
265,761,316,767,313,799,261,794
603,763,641,763,641,786,603,786
;
494,788,636,807,629,860,487,840
;
254,790,375,813,358,904,237,881
;
308,795,479,799,478,839,307,836
746,797,915,804,913,850,744,843
967,807,1034,794,1041,833,974,845
;
127,804,188,804,188,839,127,839
191,804,249,804,249,836,191,836
638,804,676,804,676,833,638,833
679,807,740,807,740,839,679,839
923,798,978,798,978,830,923,830
;
386,870,608,833,622,913,399,950
;
731,839,780,839,780,882,731,882
;
371,850,432,850,432,879,371,879
429,853,496,853,496,882,429,882
612,850,731,850,731,882,612,882
778,847,809,847,809,891,778,891
809,853,876,853,876,879,809,879
;
86,899,205,895,206,931,87,935
208,897,397,892,398,933,209,938
554,894,667,894,667,926,554,926
673,894,749,894,749,926,673,926
746,894,786,894,786,926,746,926
793,889,869,894,867,930,790,925
870,894,952,894,952,926,870,926
952,891,1079,891,1079,940,952,940
;
81,952,164,946,167,982,84,988
267,948,379,941,381,975,270,982
394,952,449,952,449,984,394,984
453,944,543,949,542,980,451,975
551,937,641,937,641,978,551,978
654,932,791,943,787,993,650,982
795,946,899,946,899,972,795,972
904,952,1015,945,1017,977,906,985
1021,949,1071,949,1071,969,1021,969
;
194,963,255,963,255,1010,194,1010
;
244,976,415,982,411,1088,240,1081
;
582,990,716,987,717,1018,583,1022
751,989,862,989,862,1018,751,1018
865,984,911,984,911,1021,865,1021
920,987,1056,987,1056,1016,920,1016
;
383,989,519,989,519,1079,383,1079
;
101,992,145,992,145,1010,101,1010
;
496,998,560,998,560,1021,496,1021
;
937,1039,1090,1027,1094,1075,941,1087
;
780,1040,939,1028,945,1110,786,1122
;
528,1045,571,1045,571,1074,528,1074
574,1042,624,1042,624,1071,574,1071
637,1048,728,1044,729,1077,639,1081
728,1042,783,1042,783,1074,728,1074
;
456,1060,703,1095,692,1171,445,1136
;
705,1079,789,1079,789,1120,705,1120
897,1077,1050,1077,1050,1111,897,1111
;
267,1088,409,1088,409,1135,267,1135
;
813,1118,954,1127,951,1170,811,1160
;
911,1129,1021,1129,1021,1216,911,1216
;
264,1132,365,1132,365,1178,264,1178
394,1132,516,1132,516,1181,394,1181
;
519,1132,627,1132,627,1161,519,1161
685,1132,801,1132,801,1169,685,1169
;
177,1146,246,1146,246,1175,177,1175
;
847,1169,911,1169,911,1207,847,1207
;
516,1171,839,1176,838,1227,516,1222
;
121,1190,194,1190,194,1213,121,1213
272,1184,351,1184,351,1210,272,1210
342,1181,380,1181,380,1216,342,1216
380,1181,502,1181,502,1210,380,1210
1021,1172,1065,1172,1065,1210,1021,1210
;
197,1193,264,1193,264,1213,197,1213
;
778,1213,847,1213,847,1251,778,1251
851,1216,953,1220,952,1249,850,1245
976,1227,1069,1213,1074,1245,981,1260
;
296,1230,336,1230,336,1257,296,1257
336,1230,351,1230,351,1251,336,1251
351,1222,447,1222,447,1268,351,1268
441,1225,476,1225,476,1259,441,1259
481,1228,528,1228,528,1254,481,1254
539,1233,638,1233,638,1254,539,1254
647,1225,705,1225,705,1254,647,1254
708,1222,760,1222,760,1254,708,1254
;
174,1240,216,1245,214,1267,171,1261
;
357,1276,457,1268,460,1299,360,1307
458,1268,510,1268,510,1297,458,1297
615,1259,763,1259,763,1297,615,1297
765,1275,860,1263,865,1302,769,1314
860,1266,1085,1255,1087,1305,862,1316
;
514,1270,738,1275,737,1357,512,1352
;
112,1283,176,1279,178,1300,113,1304
179,1280,197,1280,197,1300,179,1300
281,1274,357,1274,357,1312,281,1312
;
87,1329,182,1329,182,1352,87,1352
269,1315,365,1315,365,1352,269,1352
371,1321,504,1317,505,1345,371,1349
731,1318,818,1318,818,1352,731,1352
824,1312,870,1312,870,1344,824,1344
873,1315,1059,1311,1060,1356,874,1360
;
393,1353,548,1350,549,1393,394,1396
;
272,1361,377,1361,377,1393,272,1393
551,1352,879,1352,879,1416,551,1416
;
873,1361,905,1361,905,1390,873,1390
908,1361,943,1361,943,1390,908,1390
;
940,1361,1065,1361,1065,1442,940,1442
;
84,1376,188,1376,188,1402,84,1402
;
119,1425,272,1425,272,1448,119,1448
271,1417,342,1412,344,1445,273,1449
348,1410,522,1410,522,1457,348,1457
537,1413,557,1413,557,1437,537,1437
554,1408,673,1408,673,1448,554,1448
722,1414,850,1410,851,1448,723,1453
861,1402,957,1413,953,1456,856,1445
;
272,1448,380,1448,380,1489,272,1489
386,1451,505,1451,505,1495,386,1495
508,1449,659,1453,658,1487,507,1483
705,1457,749,1457,749,1486,705,1486
750,1460,867,1454,869,1492,752,1498
861,1464,931,1455,935,1488,865,1497
937,1460,1079,1460,1079,1486,937,1486
;
885,1558,1038,1476,1074,1543,921,1625
;
583,1492,702,1492,702,1532,583,1532
;
751,1495,908,1495,908,1599,751,1599
;
323,1509,440,1502,442,1540,325,1548
452,1500,569,1500,569,1544,452,1544
699,1498,740,1498,740,1535,699,1535
;
66,1504,187,1513,184,1564,62,1555
;
269,1506,325,1506,325,1535,269,1535
740,1509,783,1509,783,1529,740,1529
;
185,1515,206,1515,206,1544,185,1544
203,1515,261,1515,261,1544,203,1544
;
272,1553,394,1553,394,1585,272,1585
400,1553,542,1553,542,1588,400,1588
548,1544,615,1544,615,1585,548,1585
627,1541,731,1541,731,1588,627,1588
;
98,1571,237,1567,238,1597,99,1602
;
116,1609,201,1600,204,1631,119,1640
294,1603,365,1598,367,1630,296,1635
365,1602,406,1602,406,1628,365,1628
415,1598,488,1602,487,1629,413,1625
484,1593,563,1593,563,1640,484,1640
574,1602,638,1602,638,1631,574,1631
638,1601,712,1606,710,1633,637,1628
719,1605,783,1605,783,1643,719,1643
786,1590,899,1590,899,1643,786,1643
899,1602,978,1602,978,1628,899,1628
;
