798,58,918,54,920,117,800,121
;
87,133,198,137,196,174,85,170
437,139,585,139,585,176,437,176
579,115,648,115,648,191,579,191
646,136,776,136,776,188,646,188
854,139,964,139,964,168,854,168
970,139,1077,139,1077,165,970,165
;
260,147,327,147,327,185,260,185
333,156,428,156,428,176,333,176
775,151,848,146,850,179,776,183
;
112,194,162,194,162,228,112,228
165,205,249,205,249,234,165,234
260,199,315,199,315,234,260,234
313,203,477,190,480,226,316,239
474,200,649,181,654,222,478,242
660,194,703,194,703,220,660,220
702,195,776,189,778,219,704,224
785,185,892,185,892,234,785,234
898,182,938,182,938,223,898,223
947,188,984,188,984,217,947,217
990,194,1077,194,1077,217,990,217
;
141,249,211,249,211,280,141,280
211,246,254,246,254,280,211,280
260,246,327,246,327,275,260,275
330,237,492,237,492,283,330,283
495,246,609,235,613,271,499,282
683,234,799,234,799,266,683,266
801,240,938,233,939,264,802,271
944,231,1092,231,1092,275,944,275
;
127,289,199,289,199,318,127,318
249,283,350,283,350,324,249,324
356,292,417,292,417,330,356,330
417,280,553,280,553,330,417,330
561,289,599,289,599,315,561,315
605,275,732,275,732,312,605,312
732,289,790,289,790,327,732,327
790,283,857,283,857,327,790,327
850,285,968,272,972,311,854,323
982,280,1080,280,1080,307,982,307
;
257,338,365,338,365,370,257,370
382,333,414,333,414,367,382,367
422,338,492,338,492,365,422,365
496,340,619,332,621,368,499,376
657,327,787,327,787,379,657,379
793,333,929,333,929,362,793,362
944,330,1037,330,1037,362,944,362
;
40,367,170,367,170,402,40,402
;
208,388,307,388,307,422,208,422
319,380,485,394,482,434,316,420
486,388,521,388,521,417,486,417
518,393,573,393,573,428,518,428
579,393,593,393,593,414,579,414
599,379,672,379,672,414,599,414
668,388,909,384,910,422,669,426
915,391,967,391,967,431,915,431
964,385,1071,385,1071,414,964,414
;
17,408,136,408,136,460,17,460
;
191,422,456,433,454,483,189,472
454,434,512,434,512,463,454,463
512,440,564,440,564,466,512,466
570,440,619,440,619,466,570,466
622,440,669,440,669,463,622,463
674,431,724,431,724,463,674,463
719,441,816,434,818,472,721,478
828,436,934,443,932,467,827,460
932,437,1005,437,1005,466,932,466
1011,437,1042,437,1042,466,1011,466
;
259,489,399,485,400,520,260,524
408,486,469,486,469,512,408,512
480,486,613,481,614,515,481,520
617,489,669,489,669,527,617,527
666,486,741,486,741,512,666,512
746,489,865,482,868,520,748,527
863,480,999,480,999,518,863,518
1005,480,1083,480,1083,515,1005,515
;
82,534,173,528,175,558,84,564
220,541,234,541,234,559,220,559
260,530,327,530,327,561,260,561
324,527,382,527,382,559,324,559
382,535,425,535,425,561,382,561
437,530,472,530,472,559,437,559
475,535,533,535,533,570,475,570
538,530,579,530,579,559,538,559
585,533,654,533,654,561,585,561
660,535,698,535,698,559,660,559
698,533,730,533,730,559,698,559
730,527,796,527,796,556,730,556
802,530,848,530,848,559,802,559
854,524,976,524,976,561,854,561
979,530,1097,530,1097,559,979,559
;
94,581,309,572,311,629,96,638
634,573,735,573,735,617,634,617
;
304,576,446,576,446,622,304,622
440,584,575,574,577,611,443,621
579,576,637,576,637,608,579,608
741,582,779,582,779,605,741,605
776,579,854,579,854,605,776,605
859,579,926,575,928,602,860,606
932,582,973,582,973,611,932,611
973,573,1071,573,1071,608,973,608
;
176,631,263,631,263,654,176,654
269,634,336,634,336,654,269,654
344,628,428,628,428,666,344,666
434,625,527,625,527,654,434,654
533,622,703,622,703,657,533,657
712,634,750,634,750,654,712,654
758,622,785,622,785,651,758,651
793,619,825,619,825,651,793,651
825,619,871,619,871,654,825,654
876,620,1082,613,1084,655,878,661
;
213,662,507,654,511,767,216,775
;
108,663,220,682,213,718,102,699
315,672,391,672,391,703,315,703
396,677,451,677,451,718,396,718
446,674,527,674,527,703,446,703
530,674,659,663,662,697,533,708
657,674,750,674,750,703,657,703
753,669,814,669,814,698,753,698
816,674,854,674,854,701,816,701
866,667,1062,657,1064,706,869,716
;
101,721,208,721,208,753,101,753
515,718,611,718,611,761,515,761
617,718,727,718,727,767,617,767
730,718,854,718,854,758,730,758
851,712,886,712,886,747,851,747
892,718,984,718,984,744,892,744
985,717,1075,721,1073,763,983,759
;
269,756,333,756,333,796,269,796
344,764,376,764,376,796,344,796
480,770,521,770,521,796,480,796
567,770,648,770,648,796,567,796
;
385,774,472,779,471,802,384,797
521,773,567,773,567,805,521,805
796,779,819,779,819,799,796,799
845,779,898,779,898,796,845,796
;
1014,796,1130,822,1120,867,1004,842
;
182,802,280,802,280,842,182,842
298,811,391,811,391,842,298,842
396,811,504,811,504,845,396,845
515,811,605,811,605,840,515,840
608,802,686,802,686,842,608,842
695,799,727,799,727,842,695,842
721,811,842,811,842,842,721,842
841,811,961,805,963,843,843,849
967,816,1005,816,1005,834,967,834
;
188,860,257,860,257,889,188,889
321,848,396,848,396,898,321,898
402,848,446,848,446,900,402,900
446,854,593,854,593,898,446,898
599,854,657,854,657,886,599,886
645,861,750,842,757,881,652,901
758,857,816,857,816,892,758,892
816,860,834,860,834,880,816,880
831,848,1066,848,1066,889,831,889
;
20,862,137,866,135,918,18,914
136,863,179,863,179,903,136,903
;
141,909,225,909,225,929,141,929
284,891,395,895,393,942,282,938
388,912,437,912,437,944,388,944
440,900,541,900,541,947,440,947
550,903,747,903,747,941,550,941
753,903,906,903,906,944,753,944
906,898,1106,898,1106,941,906,941
;
4,957,176,934,183,986,11,1010
280,958,422,958,422,993,280,993
448,964,616,956,617,982,449,990
617,958,646,958,646,982,617,982
656,958,787,955,789,996,657,999
790,950,860,950,860,987,790,987
866,950,906,950,906,979,866,979
903,944,938,944,938,979,903,979
941,953,996,953,996,990,941,990
999,941,1080,941,1080,982,999,982
;
94,999,171,1009,166,1052,88,1042
173,996,252,1010,243,1060,164,1046
393,999,669,999,669,1042,393,1042
663,1002,735,1002,735,1042,663,1042
871,996,938,996,938,1037,871,1037
937,1005,1073,995,1076,1037,940,1047
;
9,1014,97,1006,100,1040,12,1047
260,1005,344,1005,344,1034,260,1034
353,1005,391,1005,391,1034,353,1034
744,1011,782,1011,782,1028,744,1028
779,1005,819,1005,819,1028,779,1028
816,1002,871,1002,871,1028,816,1028
;
20,1063,63,1063,63,1083,20,1083
118,1057,173,1057,173,1077,118,1077
257,1048,327,1048,327,1077,257,1077
327,1048,492,1048,492,1092,327,1092
504,1054,573,1054,573,1077,504,1077
575,1054,726,1050,728,1089,576,1093
730,1051,761,1051,761,1077,730,1077
764,1045,904,1050,903,1093,763,1087
903,1057,924,1057,924,1077,903,1077
932,1054,1077,1054,1077,1077,932,1077
;
275,1101,432,1080,440,1141,283,1162
;
118,1095,196,1095,196,1129,118,1129
430,1091,547,1086,548,1129,431,1133
547,1092,602,1092,602,1123,547,1123
605,1097,643,1097,643,1126,605,1126
643,1089,721,1089,721,1123,643,1123
728,1091,828,1104,824,1136,724,1124
831,1092,857,1092,857,1126,831,1126
869,1095,964,1095,964,1132,869,1132
976,1097,1083,1097,1083,1123,976,1123
;
124,1150,237,1150,237,1170,124,1170
281,1137,432,1144,430,1188,279,1181
437,1138,521,1138,521,1193,437,1193
524,1138,605,1138,605,1187,524,1187
613,1144,810,1139,811,1179,614,1183
814,1135,869,1135,869,1170,814,1170
869,1147,941,1147,941,1170,869,1170
945,1139,1097,1132,1098,1172,947,1179
;
124,1185,255,1189,254,1219,124,1216
278,1190,382,1190,382,1225,278,1225
388,1190,588,1190,588,1222,388,1222
605,1180,751,1190,748,1233,602,1222
753,1176,805,1176,805,1219,753,1219
805,1176,880,1176,880,1222,805,1222
874,1184,938,1184,938,1225,874,1225
947,1176,1022,1176,1022,1213,947,1213
1022,1184,1083,1184,1083,1216,1022,1216
;
129,1240,257,1237,258,1260,130,1263
275,1228,365,1228,365,1263,275,1263
368,1224,490,1228,489,1264,367,1260
492,1236,559,1236,559,1271,492,1271
561,1231,651,1231,651,1263,561,1263
651,1231,808,1231,808,1268,651,1268
806,1240,992,1226,995,1263,809,1277
998,1238,1096,1224,1102,1271,1005,1285
;
118,1277,252,1277,252,1309,118,1309
280,1268,420,1268,420,1306,280,1306
436,1270,616,1267,617,1308,437,1312
637,1283,672,1283,672,1309,637,1309
677,1277,793,1277,793,1309,677,1309
802,1286,900,1286,900,1312,802,1312
906,1292,967,1292,967,1312,906,1312
976,1280,1106,1280,1106,1318,976,1318
;
278,1318,411,1318,411,1361,278,1361
415,1328,492,1324,493,1355,417,1359
495,1326,657,1326,657,1370,495,1370
660,1331,797,1335,796,1371,659,1367
802,1326,892,1326,892,1370,802,1370
900,1320,938,1320,938,1361,900,1361
932,1323,1080,1323,1080,1358,932,1358
;
818,1367,1100,1360,1102,1452,820,1459
;
362,1364,504,1364,504,1404,362,1404
741,1370,828,1370,828,1404,741,1404
;
234,1370,365,1370,365,1454,234,1454
;
508,1382,564,1377,567,1413,510,1418
564,1384,625,1384,625,1404,564,1404
617,1373,683,1373,683,1413,617,1413
683,1376,735,1376,735,1410,683,1410
;
136,1416,234,1416,234,1448,136,1448
367,1413,411,1413,411,1448,367,1448
411,1422,518,1422,518,1448,411,1448
530,1419,570,1419,570,1448,530,1448
570,1413,608,1413,608,1445,570,1445
617,1419,747,1419,747,1448,617,1448
;
758,1422,845,1422,845,1468,758,1468
;
280,1468,353,1468,353,1488,280,1488
359,1460,483,1460,483,1503,359,1503
492,1462,533,1462,533,1494,492,1494
538,1454,611,1454,611,1494,538,1494
614,1468,692,1468,692,1512,614,1512
695,1465,817,1468,816,1498,694,1494
818,1468,946,1460,948,1497,820,1505
962,1454,1068,1463,1065,1508,958,1499
;
269,1502,470,1509,468,1544,268,1537
;
628,1526,721,1526,721,1552,628,1552
;
185,1533,400,1560,386,1668,171,1641
;
327,1557,435,1561,434,1594,326,1591
430,1555,576,1542,580,1584,434,1598
585,1544,651,1544,651,1596,585,1596
654,1555,777,1559,776,1590,653,1587
791,1564,871,1558,874,1594,794,1600
877,1561,1008,1561,1008,1596,877,1596
1013,1552,1071,1552,1071,1593,1013,1593
;
37,1573,136,1573,136,1619,37,1619
;
386,1611,506,1602,509,1640,389,1649
504,1601,643,1601,643,1639,504,1639
655,1595,853,1612,850,1650,652,1633
866,1604,979,1604,979,1648,866,1648
976,1599,1112,1599,1112,1648,976,1648
;
