569,118,687,118,687,158,569,158
707,112,784,122,778,170,701,160
;
54,127,343,127,343,303,54,303
;
605,179,741,188,738,222,602,213
806,184,869,184,869,225,806,225
907,182,990,182,990,213,907,213
992,181,1149,174,1150,207,994,214
;
395,187,592,187,592,329,395,329
;
338,193,430,193,430,228,338,228
751,190,806,190,806,228,751,228
;
936,240,1172,220,1176,258,940,279
;
1172,225,1216,225,1216,242,1172,242
;
563,225,621,225,621,260,563,260
;
840,244,936,225,943,262,847,280
;
358,236,398,236,398,262,358,262
522,228,563,228,563,260,522,260
621,231,690,231,690,271,621,271
693,236,777,236,777,271,693,271
777,239,846,239,846,265,777,265
;
228,274,340,274,340,314,228,314
349,268,418,268,418,306,349,306
534,277,586,277,586,320,534,320
586,268,612,268,612,309,586,309
609,268,730,268,730,309,609,309
874,286,1088,278,1090,315,875,322
;
754,283,875,283,875,323,754,323
1092,283,1141,283,1141,323,1092,323
;
358,313,478,319,476,357,356,352
;
627,318,773,330,769,374,624,362
;
208,324,347,329,346,352,207,347
;
538,324,693,332,690,407,534,400
;
777,325,1026,332,1025,372,776,365
1036,324,1160,335,1155,384,1031,373
;
491,329,534,329,534,355,491,355
;
223,362,353,377,351,402,220,388
355,375,395,375,395,395,355,395
395,366,546,366,546,410,395,410
708,374,773,370,775,401,710,405
774,378,858,378,858,416,774,416
852,383,963,368,967,403,856,418
967,387,1008,387,1008,407,967,407
1011,372,1146,372,1146,404,1011,404
;
456,418,563,418,563,447,456,447
;
629,418,806,418,806,465,629,465
800,418,990,418,990,468,800,468
1021,425,1163,420,1165,466,1022,471
;
213,421,251,421,251,442,213,442
274,421,306,421,306,439,274,439
358,424,450,424,450,444,358,444
;
569,427,624,427,624,462,569,462
985,433,1025,433,1025,468,985,468
;
242,462,312,462,312,488,242,488
349,465,482,465,482,496,349,496
881,456,1054,456,1054,505,881,505
;
502,470,590,473,588,510,501,506
635,470,866,470,866,520,635,520
;
586,473,635,473,635,499,586,499
1060,476,1152,476,1152,496,1060,496
;
352,508,551,508,551,546,352,546
551,505,647,505,647,563,551,563
641,522,687,522,687,548,641,548
693,520,728,520,728,546,693,546
730,525,832,525,832,546,730,546
840,514,898,514,898,546,840,546
893,513,1157,500,1159,549,896,561
;
344,550,485,565,480,609,340,594
496,563,554,563,554,598,496,598
557,560,598,560,598,589,557,589
600,560,710,560,710,603,600,603
704,560,806,560,806,600,704,600
823,560,950,560,950,595,823,595
959,566,1014,566,1014,600,959,600
1019,574,1057,574,1057,598,1019,598
1054,569,1106,569,1106,600,1054,600
;
944,618,1097,601,1102,649,949,666
;
355,609,398,609,398,635,355,635
410,615,496,615,496,635,410,635
502,603,563,603,563,635,502,635
563,606,615,606,615,638,563,638
630,602,803,608,802,643,629,638
806,603,936,603,936,641,806,641
1094,612,1167,612,1167,641,1094,641
;
466,656,660,646,662,681,468,691
665,648,801,654,799,704,663,698
;
340,650,453,650,453,684,340,684
;
806,655,976,655,976,702,806,702
988,655,1132,655,1132,702,988,702
;
609,696,759,696,759,730,609,730
;
865,704,990,698,993,748,867,754
;
320,699,436,699,436,730,320,730
439,702,595,702,595,730,439,730
756,704,806,704,806,728,756,728
1112,704,1138,704,1138,730,1112,730
;
817,710,863,710,863,730,817,730
982,707,1118,707,1118,739,982,739
;
723,738,857,747,854,795,720,785
1017,740,1148,750,1144,806,1013,796
;
476,742,577,742,577,780,476,780
;
574,742,618,742,618,797,574,797
;
280,751,338,751,338,771,280,771
352,745,473,745,473,774,352,774
624,754,670,754,670,780,624,780
676,754,716,754,716,777,676,777
;
858,754,973,754,973,788,858,788
976,756,1011,756,1011,782,976,782
;
483,795,665,775,669,819,488,839
;
373,793,483,799,481,835,371,829
670,787,862,797,859,850,668,840
910,791,1034,791,1034,840,910,840
;
863,803,912,803,912,829,863,829
1060,794,1152,794,1152,826,1060,826
;
288,807,367,816,362,863,283,854
;
100,835,317,814,328,919,110,941
;
67,815,162,829,155,879,60,865
153,822,218,818,221,857,156,862
362,830,492,841,490,877,359,866
;
494,837,572,837,572,878,494,878
572,837,725,837,725,869,572,869
725,846,791,846,791,886,725,886
788,840,860,840,860,884,788,884
860,837,976,837,976,881,860,881
967,843,1164,840,1164,883,967,887
;
57,878,112,878,112,936,57,936
469,890,636,875,640,920,473,935
803,884,884,884,884,941,803,941
;
358,886,392,886,392,912,358,912
;
728,886,811,886,811,941,728,941
;
447,889,473,889,473,927,447,927
638,898,719,898,719,918,638,918
892,888,1043,891,1042,922,892,918
1051,892,1135,892,1135,921,1051,921
;
364,941,401,941,401,962,364,962
407,935,480,939,479,967,406,963
486,934,574,929,575,960,488,965
580,941,618,941,618,962,580,962
621,929,818,934,817,966,620,962
817,936,843,936,843,962,817,962
846,933,1022,933,1022,973,846,973
1025,932,1150,936,1149,968,1024,964
;
532,971,643,983,640,1019,529,1007
;
352,973,476,981,471,1064,347,1056
;
202,982,300,982,300,1002,202,1002
469,988,528,984,529,1007,471,1012
889,985,1175,985,1175,1022,889,1022
;
652,990,748,990,748,1022,652,1022
751,988,892,988,892,1034,751,1034
;
225,1019,294,1019,294,1051,225,1051
459,1016,508,1016,508,1057,459,1057
511,1022,557,1022,557,1054,511,1054
;
572,1028,603,1028,603,1054,572,1054
606,1031,699,1031,699,1074,606,1074
693,1034,759,1034,759,1060,693,1060
751,1034,797,1034,797,1074,751,1074
805,1034,967,1030,968,1073,806,1078
968,1025,1122,1033,1120,1072,966,1064
1120,1040,1152,1040,1152,1071,1120,1071
;
67,1044,289,1049,287,1133,65,1128
358,1071,496,1071,496,1120,358,1120
;
494,1074,762,1074,762,1126,494,1126
;
288,1077,343,1077,343,1100,288,1100
;
765,1083,794,1083,794,1106,765,1106
794,1077,950,1077,950,1118,794,1118
959,1083,1002,1083,1002,1109,959,1109
1001,1086,1146,1080,1148,1115,1002,1121
;
258,1116,343,1131,338,1158,253,1142
355,1120,447,1120,447,1152,355,1152
;
453,1126,511,1126,511,1164,453,1164
525,1129,566,1129,566,1149,525,1149
570,1129,742,1122,743,1160,572,1167
736,1126,797,1126,797,1152,736,1152
811,1129,884,1129,884,1155,811,1155
881,1121,1003,1127,1002,1158,880,1152
1005,1126,1097,1126,1097,1158,1005,1158
1094,1120,1149,1120,1149,1172,1094,1172
;
608,1162,710,1159,711,1196,609,1199
763,1168,849,1163,851,1192,765,1197
;
421,1167,488,1167,488,1213,421,1213
;
725,1167,765,1167,765,1196,725,1196
;
910,1170,1019,1170,1019,1213,910,1213
1015,1176,1143,1171,1145,1212,1016,1216
;
355,1172,418,1172,418,1198,355,1198
488,1175,606,1175,606,1210,488,1210
858,1172,915,1172,915,1213,858,1213
;
254,1219,323,1219,323,1239,254,1239
358,1210,462,1210,462,1239,358,1239
473,1213,534,1213,534,1245,473,1245
534,1222,589,1222,589,1245,534,1245
598,1222,661,1222,661,1245,598,1245
664,1216,811,1216,811,1245,664,1245
819,1216,1005,1210,1006,1247,820,1254
1011,1216,1051,1216,1051,1248,1011,1248
1052,1211,1140,1222,1135,1257,1048,1246
;
300,1259,346,1259,346,1288,300,1288
349,1259,444,1259,444,1291,349,1291
442,1262,476,1262,476,1291,442,1291
485,1265,534,1265,534,1285,485,1285
531,1259,644,1259,644,1300,531,1300
647,1250,777,1250,777,1302,647,1302
791,1262,884,1262,884,1297,791,1297
864,1268,957,1234,973,1279,880,1313
964,1259,1143,1255,1144,1290,965,1295
;
355,1302,398,1302,398,1337,355,1337
401,1300,531,1300,531,1334,401,1334
546,1298,700,1305,698,1340,544,1333
702,1300,826,1300,826,1334,702,1334
856,1306,993,1300,994,1331,858,1337
994,1299,1146,1291,1147,1327,996,1335
;
826,1308,852,1308,852,1340,826,1340
;
189,1369,323,1339,335,1393,201,1423
;
355,1354,413,1354,413,1380,355,1380
427,1352,522,1352,522,1380,427,1380
525,1349,560,1349,560,1383,525,1383
560,1349,652,1349,652,1380,560,1380
648,1346,734,1351,733,1385,646,1380
739,1354,863,1354,863,1389,739,1389
870,1347,1018,1355,1016,1393,868,1385
1016,1352,1080,1352,1080,1383,1016,1383
;
78,1366,206,1374,204,1419,76,1412
;
222,1388,302,1405,293,1448,212,1430
349,1386,444,1386,444,1432,349,1432
434,1399,618,1379,623,1426,439,1446
635,1392,710,1392,710,1427,635,1427
768,1398,791,1398,791,1430,768,1430
791,1398,1018,1382,1021,1424,794,1439
1025,1395,1086,1395,1086,1424,1025,1424
1089,1389,1129,1389,1129,1430,1089,1430
;
297,1404,352,1404,352,1450,297,1450
725,1409,771,1409,771,1430,725,1430
;
433,1444,606,1444,606,1482,433,1482
646,1438,737,1450,732,1486,641,1475
793,1444,993,1437,994,1472,794,1480
1044,1449,1137,1444,1139,1466,1045,1471
;
340,1447,392,1447,392,1508,340,1508
;
392,1450,439,1450,439,1482,392,1482
733,1458,788,1458,788,1479,733,1479
996,1447,1045,1447,1045,1484,996,1484
;
358,1487,476,1487,476,1522,358,1522
473,1490,676,1490,676,1531,473,1531
860,1487,941,1487,941,1531,860,1531
1034,1479,1181,1479,1181,1531,1034,1531
1177,1477,1247,1495,1238,1531,1167,1514
;
678,1490,860,1490,860,1534,678,1534
941,1493,1031,1493,1031,1534,941,1534
;
340,1536,413,1536,413,1565,340,1565
416,1536,476,1536,476,1571,416,1571
479,1528,751,1532,750,1578,479,1574
756,1534,953,1534,953,1568,756,1568
976,1531,1008,1531,1008,1565,976,1565
1019,1539,1146,1539,1146,1568,1019,1568
;
355,1592,422,1584,425,1609,358,1617
418,1588,442,1588,442,1620,418,1620
447,1580,600,1580,600,1632,447,1632
595,1588,678,1588,678,1632,595,1632
681,1594,736,1594,736,1614,681,1614
730,1588,800,1588,800,1617,730,1617
835,1587,925,1590,924,1615,834,1612
;
