2743,538,3110,538,3110,787,2743,787
;
3136,564,3858,564,3858,787,3136,787
;
4672,577,5880,577,5880,840,4672,840
;
2165,590,2743,590,2743,787,2165,787
;
3836,679,4144,644,4157,758,3849,792
4200,643,4620,643,4620,787,4200,787
;
1571,909,2352,798,2386,1033,1605,1145
;
2388,840,2769,840,2769,1076,2388,1076
;
2769,840,4029,840,4029,1102,2769,1102
;
5036,866,5550,848,5555,974,5040,992
;
4055,853,4239,853,4239,1010,4055,1010
;
4816,866,5026,866,5026,984,4816,984
;
4234,893,4803,875,4810,1093,4241,1112
;
1404,879,1561,879,1561,1010,1404,1010
;
5089,1145,5457,1044,5510,1241,5143,1341
;
2421,1071,3355,1130,3341,1362,2406,1303
;
2205,1076,2401,1076,2401,1273,2205,1273
;
4593,1076,5171,1076,5171,1286,4593,1286
;
5512,1076,5840,1076,5840,1233,5512,1233
;
853,1102,1220,1102,1220,1260,853,1260
1286,1089,1811,1089,1811,1273,1286,1273
3438,1089,3780,1089,3780,1273,3438,1273
;
3806,1102,4186,1102,4186,1299,3806,1299
;
1837,1115,2152,1115,2152,1273,1837,1273
;
4279,1145,4617,1121,4630,1307,4293,1331
;
3373,1155,3465,1155,3465,1260,3373,1260
;
784,1333,1254,1297,1272,1532,802,1568
;
1286,1325,1614,1325,1614,1509,1286,1509
;
2139,1338,3058,1338,3058,1575,2139,1575
;
3097,1338,3793,1338,3793,1509,3097,1509
;
1627,1351,2152,1351,2152,1509,1627,1509
4633,1351,4935,1351,4935,1509,4633,1509
4961,1365,5131,1365,5131,1496,4961,1496
;
3845,1378,4186,1378,4186,1509,3845,1509
5150,1392,5511,1370,5519,1503,5158,1525
;
4357,1378,4620,1378,4620,1548,4357,1548
;
5149,1569,5669,1504,5697,1729,5177,1794
;
4510,1538,4958,1660,4886,1923,4438,1801
;
2412,1557,2994,1633,2964,1856,2383,1780
;
1672,1563,2128,1631,2100,1819,1644,1751
;
3005,1601,3478,1601,3478,1798,3005,1798
3490,1643,3961,1591,3979,1754,3508,1806
;
840,1614,1220,1614,1220,1745,840,1745
1246,1614,1614,1614,1614,1745,1246,1745
;
3993,1617,4428,1641,4420,1781,3985,1757
;
2152,1640,2388,1640,2388,1811,2152,1811
;
1410,1789,1888,1829,1872,2019,1394,1979
;
5670,1798,5919,1798,5919,1981,5670,1981
;
5209,1838,5638,1802,5654,1991,5225,2027
;
2655,1886,3292,1806,3312,1969,2676,2049
4856,1863,5236,1863,5236,1995,4856,1995
;
3939,1869,4479,1890,4473,2037,3933,2017
;
787,1876,1338,1876,1338,2060,787,2060
;
2191,1876,2585,1876,2585,1995,2191,1995
3307,1876,3465,1876,3465,1995,3307,1995
;
3465,1876,3753,1876,3753,1981,3465,1981
;
4593,1876,4751,1876,4751,2008,4593,2008
;
3819,1903,3898,1903,3898,1995,3819,1995
;
1844,2019,2569,2080,2554,2260,1829,2199
;
1369,2024,1817,2091,1781,2327,1333,2260
;
800,2034,1312,2034,1312,2244,800,2244
2874,2034,3360,2034,3360,2244,2874,2244
;
3566,2034,4434,2128,4409,2360,3541,2266
;
5297,2074,5800,2058,5806,2244,5303,2260
;
3373,2086,3517,2086,3517,2218,3373,2218
;
4462,2086,4751,2086,4751,2244,4462,2244
;
4779,2120,5240,2137,5235,2260,4774,2243
;
2769,2126,2874,2126,2874,2231,2769,2231
;
2091,2275,2572,2315,2556,2504,2076,2464
2913,2283,3346,2283,3346,2493,2913,2493
;
3701,2353,4351,2307,4365,2505,3715,2550
;
1378,2310,1640,2310,1640,2480,1378,2480
;
3386,2323,3701,2323,3701,2480,3386,2480
;
4399,2328,4898,2349,4892,2501,4393,2480
;
1627,2336,2034,2336,2034,2467,1627,2467
;
800,2349,1155,2349,1155,2533,800,2533
;
2533,2362,2651,2362,2651,2467,2533,2467
;
4895,2388,5184,2388,5184,2585,4895,2585
;
5210,2388,5565,2388,5565,2506,5210,2506
5591,2388,5748,2388,5748,2506,5591,2506
;
1785,2533,2047,2533,2047,2716,1785,2716
;
2073,2546,2388,2546,2388,2795,2073,2795
;
3766,2546,4042,2546,4042,2743,3766,2743
;
2837,2553,3705,2591,3697,2780,2829,2741
;
4055,2559,4331,2559,4331,2743,4055,2743
;
5446,2559,5814,2559,5814,2730,5446,2730
;
4331,2585,4711,2585,4711,2730,4331,2730
;
5212,2616,5458,2592,5470,2714,5224,2739
;
800,2598,1325,2598,1325,2716,800,2716
;
1522,2627,1770,2604,1783,2753,1536,2776
;
2585,2611,2782,2611,2782,2730,2585,2730
4803,2611,5184,2611,5184,2730,4803,2730
;
4725,2625,4803,2625,4803,2730,4725,2730
;
1365,2625,1535,2625,1535,2782,1365,2782
;
2480,2638,2598,2638,2598,2848,2480,2848
;
813,2769,1378,2769,1378,2979,813,2979
;
1693,2769,2205,2769,2205,2992,1693,2992
;
3911,2769,4764,2769,4764,3018,3911,3018
;
3133,2879,3856,2772,3890,3000,3167,3108
;
1456,2861,1680,2861,1680,2979,1456,2979
2231,2861,2415,2861,2415,2979,2231,2979
4777,2821,5158,2821,5158,3018,4777,3018
5194,2847,5931,2832,5934,2991,5197,3007
;
2651,2861,2966,2861,2966,2992,2651,2992
;
2441,2887,2638,2887,2638,2979,2441,2979
;
1712,2995,2150,3019,2135,3276,1698,3252
;
2060,3094,2696,2999,2728,3211,2092,3307
;
922,3005,1540,3025,1533,3261,915,3241
;
3543,3058,4095,3058,4095,3241,3543,3241
;
2782,3071,3556,3071,3556,3241,2782,3241
;
4260,3111,4736,3092,4742,3225,4266,3244
;
761,3110,918,3110,918,3268,761,3268
;
4751,3110,5079,3110,5079,3241,4751,3241
;
5460,3123,5827,3123,5827,3241,5460,3241
;
5147,3162,5469,3127,5480,3226,5158,3262
;
4756,3282,5876,3239,5884,3454,4765,3497
;
3045,3268,3766,3268,3766,3504,3045,3504
;
1443,3294,1863,3294,1863,3530,1443,3530
;
4410,3294,4711,3294,4711,3478,4410,3478
;
1903,3333,2480,3333,2480,3504,1903,3504
;
2514,3367,2965,3345,2972,3485,2520,3507
;
3806,3360,3990,3360,3990,3478,3806,3478
3976,3360,4410,3360,4410,3478,3976,3478
;
721,3373,1391,3373,1391,3543,721,3543
;
3329,3580,4042,3503,4072,3775,3358,3852
;
4094,3543,4724,3543,4724,3740,4094,3740
;
4756,3543,5845,3611,5833,3795,4744,3727
;
853,3570,1365,3570,1365,3727,853,3727
;
1430,3596,2060,3596,2060,3740,1430,3740
;
2086,3596,2323,3596,2323,3780,2086,3780
;
2703,3596,3084,3596,3084,3740,2703,3740
;
2323,3609,2716,3609,2716,3753,2323,3753
;
774,3780,1141,3780,1141,4003,774,4003
;
1621,3834,2938,3797,2946,4081,1629,4117
;
4661,3872,5173,3805,5199,4003,4687,4070
;
5198,3826,5897,3846,5891,4060,5192,4040
;
2992,3832,3320,3832,3320,3976,2992,3976
;
1130,3848,1618,3873,1612,4003,1124,3978
;
3934,3895,4644,3874,4648,4002,3938,4023
;
669,4029,1233,4029,1233,4265,669,4265
4396,4055,5184,4055,5184,4239,4396,4239
;
1233,4081,1640,4081,1640,4265,1233,4265
3858,4081,4331,4081,4331,4265,3858,4265
;
2674,4104,3594,4081,3598,4225,2678,4248
;
1680,4108,1903,4108,1903,4239,1680,4239
;
5197,4108,5814,4108,5814,4265,5197,4265
;
4662,4323,5432,4238,5457,4470,4688,4555
;
1421,4354,2102,4241,2142,4481,1461,4595
;
3375,4290,3724,4270,3736,4472,3387,4493
3950,4291,4711,4291,4711,4475,3950,4475
;
846,4354,1245,4335,1252,4473,853,4492
2522,4326,2867,4349,2857,4491,2512,4468
5426,4353,5746,4333,5755,4473,5434,4493
;
2349,4357,2520,4357,2520,4475,2349,4475
2926,4357,3215,4357,3215,4475,2926,4475
;
3813,4477,4848,4601,4787,5111,3752,4987
;
2139,4528,2900,4528,2900,4725,2139,4725
;
3294,4541,3845,4541,3845,4698,3294,4698
;
4645,4613,5286,4560,5300,4731,4660,4785
;
800,4567,1036,4567,1036,4725,800,4725
;
5315,4567,5709,4567,5709,4698,5315,4698
;
1286,4580,1863,4580,1863,4777,1286,4777
;
3136,4580,3307,4580,3307,4698,3136,4698
;
1089,4593,1273,4593,1273,4725,1089,4725
;
5071,4786,5535,4767,5543,4972,5080,4991
;
840,4777,1483,4777,1483,5040,840,5040
;
3163,4777,3360,4777,3360,4974,3163,4974
3346,4777,3727,4777,3727,4974,3346,4974
;
1561,4790,1981,4790,1981,5026,1561,5026
;
1995,4790,2362,4790,2362,5013,1995,5013
;
2703,4816,3110,4816,3110,4974,2703,4974
;
4843,4830,5079,4830,5079,4974,4843,4974
;
2369,4857,2664,4839,2671,4960,2377,4979
;
1627,5053,1837,5053,1837,5276,1627,5276
1890,5053,2730,5053,2730,5276,1890,5276
3622,5066,4160,5066,4160,5263,3622,5263
;
645,5237,1089,5071,1170,5286,726,5453
;
4430,5121,5052,5095,5058,5253,4436,5279
;
2797,5098,3402,5119,3395,5312,2791,5291
;
1210,5138,1585,5104,1599,5253,1224,5287
;
3373,5105,3648,5105,3648,5302,3373,5302
;
4265,5118,4423,5118,4423,5236,4265,5236
;
1128,5131,1233,5131,1233,5276,1128,5276
;
2474,5324,3054,5303,3062,5524,2482,5545
4383,5341,4633,5341,4633,5512,4383,5512
;
3820,5364,4400,5381,4394,5555,3815,5538
4679,5396,5444,5356,5453,5516,4687,5556
;
3110,5368,3596,5368,3596,5591,3110,5591
;
3622,5368,3780,5368,3780,5512,3622,5512
;
822,5410,1430,5387,1436,5545,827,5568
;
1916,5394,2257,5394,2257,5538,1916,5538
;
2244,5394,2441,5394,2441,5525,2244,5525
;
1509,5420,1837,5420,1837,5565,1509,5565
;
3530,5578,4423,5578,4423,5788,3530,5788
;
2362,5630,2953,5630,2953,5788,2362,5788
;
4685,5630,5184,5630,5184,5775,4685,5775
;
2968,5674,3450,5642,3461,5813,2979,5845
;
2126,5643,2349,5643,2349,5801,2126,5801
;
826,5670,1089,5670,1089,5866,826,5866
1233,5670,1601,5670,1601,5866,1233,5866
;
4423,5670,4659,5670,4659,5814,4423,5814
;
1588,5683,2047,5683,2047,5827,1588,5827
;
4042,5866,4173,5866,4173,5958,4042,5958
;
840,5880,1194,5880,1194,6090,840,6090
;
1233,5893,1745,5893,1745,6103,1233,6103
2559,5893,2821,5893,2821,6103,2559,6103
;
4291,5919,4672,5919,4672,6116,4291,6116
;
3268,5932,3635,5932,3635,6129,3268,6129
;
4758,5959,5233,5937,5240,6083,4765,6106
;
3618,5940,4068,5996,4041,6219,3590,6163
;
2835,5958,3202,5958,3202,6090,2835,6090
;
1785,5971,2270,5971,2270,6129,1785,6129
;
4134,5971,4305,5971,4305,6090,4134,6090
;
2086,6168,2415,6168,2415,6378,2086,6378
;
2677,6168,3333,6168,3333,6365,2677,6365
;
3465,6168,3911,6168,3911,6378,3465,6378
;
4134,6168,4423,6168,4423,6365,4134,6365
;
826,6195,1299,6195,1299,6352,826,6352
;
4455,6209,5101,6268,5084,6448,4438,6389
;
1306,6250,2020,6220,2027,6393,1313,6423
;
3386,6221,3491,6221,3491,6339,3386,6339
;
2415,6247,2625,6247,2625,6352,2415,6352
5197,6234,5276,6234,5276,6365,5197,6365
;
2953,6418,3307,6418,3307,6667,2953,6667
;
3361,6451,5083,6487,5077,6757,3356,6721
;
2546,6457,2940,6457,2940,6654,2546,6654
;
1593,6525,2360,6488,2369,6662,1602,6698
;
918,6496,1246,6496,1246,6615,918,6615
;
1338,6510,1601,6510,1601,6680,1338,6680
;
2349,6523,2506,6523,2506,6641,2349,6641
;
5145,6549,5473,6549,5473,6693,5145,6693
;
826,6706,1798,6706,1798,6903,826,6903
2011,6687,2450,6712,2438,6915,1999,6889
;
2506,6706,2716,6706,2716,6877,2506,6877
;
2756,6706,3110,6706,3110,6903,2756,6903
;
3228,6772,3583,6772,3583,6903,3228,6903
;
3780,6785,4016,6785,4016,6916,3780,6916
;
4068,6811,4383,6811,4383,6930,4068,6930
4383,6811,4659,6811,4659,6930,4383,6930
;
4764,6838,4843,6838,4843,6956,4764,6956
4830,6838,5289,6838,5289,6956,4830,6956
;
1013,6945,2066,6890,2081,7172,1028,7228
;
2086,7008,3018,7008,3018,7218,2086,7218
;
3202,7021,3517,7021,3517,7153,3202,7153
;
3740,7021,4528,7021,4528,7218,3740,7218
;
3018,7035,3215,7035,3215,7153,3018,7153
;
3530,7048,3714,7048,3714,7218,3530,7218
;
4609,7064,5203,7101,5195,7226,4602,7189
5263,7074,5473,7074,5473,7218,5263,7218
;
3570,7231,3898,7231,3898,7428,3570,7428
;
790,7265,1461,7297,1453,7466,782,7434
;
3163,7271,3504,7271,3504,7402,3163,7402
;
1545,7298,2125,7279,2131,7481,1552,7500
;
3924,7284,4200,7284,4200,7428,3924,7428
;
2887,7297,3150,7297,3150,7455,2887,7455
;
2165,7310,2848,7310,2848,7533,2165,7533
;
4239,7310,4633,7310,4633,7428,4239,7428
;
4659,7310,5158,7310,5158,7441,4659,7441
;
2449,7570,3231,7489,3251,7674,2468,7755
;
1089,7507,1666,7507,1666,7665,1089,7665
;
800,7546,1023,7546,1023,7665,800,7665
;
1811,7560,1968,7560,1968,7678,1811,7678
;
2060,7573,2323,7573,2323,7704,2060,7704
4924,7562,5271,7587,5261,7723,4914,7698
;
3281,7573,3609,7573,3609,7691,3281,7691
3661,7573,4068,7573,4068,7691,3661,7691
;
5315,7573,5525,7573,5525,7717,5315,7717
;
1995,7586,2086,7586,2086,7743,1995,7743
;
2323,7586,2454,7586,2454,7691,2323,7691
;
4068,7586,4895,7586,4895,7783,4068,7783
;
1118,7749,1547,7725,1558,7924,1129,7947
;
774,7783,1102,7783,1102,8019,774,8019
;
1561,7783,1758,7783,1758,7914,1561,7914
;
2887,7783,3596,7783,3596,7980,2887,7980
;
1745,7809,1916,7809,1916,7927,1745,7927
;
1916,7822,2375,7822,2375,7940,1916,7940
;
2454,7822,2848,7822,2848,7953,2454,7953
;
4462,7848,5066,7848,5066,7980,4462,7980
;
3635,7861,4226,7861,4226,8006,3635,8006
;
1044,8078,1808,8038,1816,8175,1052,8216
1842,8030,3512,7972,3521,8228,1851,8286
;
4265,8041,4729,8097,4705,8293,4242,8238
;
3570,8071,4200,8071,4200,8229,3570,8229
;
