195,60,257,67,253,98,192,91
;
191,130,254,130,254,159,191,159
;
348,145,470,137,473,176,351,185
472,139,527,139,527,170,472,170
530,139,677,139,677,173,530,173
686,153,761,153,761,185,686,185
767,153,819,153,819,182,767,182
819,153,880,153,880,185,819,185
883,144,938,144,938,173,883,173
941,153,982,153,982,176,941,176
993,153,1083,153,1083,176,993,176
1083,149,1189,139,1193,184,1088,194
;
205,187,348,192,347,217,204,212
344,194,462,182,465,219,347,230
469,191,550,191,550,223,469,223
556,188,674,188,674,225,556,225
680,191,828,191,828,231,680,231
840,194,993,194,993,223,840,223
996,194,1068,194,1068,225,996,225
1068,191,1152,191,1152,223,1068,223
;
198,218,324,229,321,268,194,257
;
353,240,396,240,396,272,353,272
410,226,673,245,670,285,407,266
683,243,793,243,793,272,683,272
805,246,845,246,845,278,805,278
866,238,985,241,984,272,865,269
992,246,1054,242,1055,266,993,270
1060,241,1152,232,1155,265,1063,274
;
230,277,344,272,345,312,232,317
614,278,666,278,666,318,614,318
;
362,286,428,286,428,312,362,312
431,286,515,286,515,315,431,315
527,289,599,289,599,318,527,318
666,292,703,292,703,318,666,318
701,286,770,286,770,321,701,321
779,292,822,292,822,318,779,318
822,295,886,295,886,330,822,330
881,292,1004,285,1006,318,883,325
1016,286,1045,286,1045,318,1016,318
1051,278,1159,293,1153,336,1045,321
;
359,327,417,327,417,362,359,362
;
417,329,915,338,914,388,416,379
927,333,1068,333,1068,370,927,370
1089,333,1138,333,1138,367,1089,367
;
354,382,419,378,422,422,356,427
417,376,463,376,463,414,417,414
469,382,506,382,506,408,469,408
519,371,614,383,609,422,514,410
614,376,706,376,706,425,614,425
712,388,785,388,785,411,712,411
785,382,958,382,958,411,785,411
953,388,1076,377,1080,416,957,428
1077,382,1161,382,1161,414,1077,414
;
362,434,504,434,504,454,362,454
512,431,556,431,556,460,512,460
556,431,637,431,637,460,556,460
640,431,721,431,721,460,640,460
735,428,805,428,805,477,735,477
805,437,822,437,822,463,805,463
828,434,950,434,950,477,828,477
947,434,987,434,987,463,947,463
984,437,1086,437,1086,463,984,463
1095,434,1161,434,1161,475,1095,475
;
356,477,417,477,417,512,356,512
420,472,457,472,457,501,420,501
454,469,573,469,573,512,454,512
744,469,831,469,831,506,744,506
849,471,968,478,966,514,847,507
;
573,480,669,480,669,527,573,527
680,486,738,486,738,524,680,524
964,480,1150,480,1150,524,964,524
;
359,521,437,521,437,564,359,564
437,517,505,510,508,547,440,554
507,516,581,524,578,558,504,549
586,533,651,528,653,564,588,568
640,525,803,512,806,553,643,566
819,533,871,533,871,553,819,553
872,525,994,531,992,572,870,566
1000,528,1059,519,1064,552,1006,561
1063,530,1109,530,1109,559,1063,559
1112,535,1152,535,1152,556,1112,556
;
353,570,460,570,460,599,353,599
466,567,631,567,631,599,466,599
828,567,900,567,900,599,828,599
903,576,964,576,964,608,903,608
;
266,585,388,608,378,666,255,643
385,617,492,617,492,654,385,654
492,617,564,617,564,648,492,648
;
564,617,724,617,724,663,564,663
727,622,880,622,880,663,727,663
877,622,932,622,932,651,877,651
938,619,1011,619,1011,666,938,666
1011,617,1086,617,1086,648,1011,648
1086,625,1158,625,1158,663,1086,663
;
336,660,559,660,559,703,336,703
779,660,822,660,822,703,779,703
822,654,938,654,938,712,822,712
968,661,1099,667,1096,715,966,709
1098,661,1195,669,1192,703,1095,695
;
289,666,344,666,344,744,289,744
;
559,666,706,666,706,703,559,703
721,666,779,666,779,695,721,695
935,666,973,666,973,703,935,703
;
179,709,260,709,260,738,179,738
350,709,553,709,553,750,350,750
561,718,611,718,611,753,561,753
614,706,695,706,695,756,614,756
698,715,767,715,767,750,698,750
770,715,842,715,842,741,770,741
846,722,964,705,970,744,852,761
964,721,1051,721,1051,747,964,747
1060,712,1086,712,1086,744,1060,744
1086,718,1152,718,1152,744,1086,744
;
205,764,254,764,254,785,205,785
260,758,312,758,312,785,260,785
309,758,347,758,347,785,309,785
353,764,393,764,393,790,353,790
399,764,437,764,437,790,399,790
446,753,501,753,501,808,446,808
495,761,538,761,538,790,495,790
550,756,640,756,640,808,550,808
637,756,758,756,758,805,637,805
770,753,819,753,819,793,770,793
820,752,1153,767,1152,808,818,793
;
169,781,255,789,251,839,164,831
254,799,347,799,347,831,254,831
;
489,799,579,799,579,851,489,851
764,802,831,802,831,837,764,837
828,799,932,799,932,845,828,845
;
869,802,987,802,987,883,869,883
;
353,811,414,811,414,840,353,840
417,811,480,811,480,840,417,840
587,808,718,803,719,845,588,850
718,808,764,808,764,837,718,837
993,802,1123,802,1123,837,993,837
;
359,846,445,854,442,887,356,879
587,858,703,847,707,894,591,905
695,845,753,845,753,889,695,889
;
153,851,243,851,243,892,153,892
257,848,353,848,353,877,257,877
443,848,486,848,486,892,443,892
486,854,593,854,593,889,486,889
750,863,767,863,767,883,750,883
767,861,862,852,866,888,770,896
976,850,1153,855,1152,889,975,884
;
193,899,312,895,313,929,194,933
353,900,411,900,411,941,353,941
417,900,463,900,463,929,417,929
467,894,629,900,627,952,465,946
631,898,674,898,674,938,631,938
673,890,758,899,754,936,669,926
764,906,857,906,857,929,764,929
866,898,909,898,909,929,866,929
912,889,982,889,982,929,912,929
979,895,1051,895,1051,935,979,935
1057,906,1095,906,1095,924,1057,924
1100,898,1132,898,1132,924,1100,924
;
202,935,301,935,301,979,202,979
449,941,483,941,483,973,449,973
1063,938,1187,938,1187,990,1063,990
;
753,941,915,941,915,1037,753,1037
;
367,944,446,944,446,973,367,973
495,944,651,944,651,993,495,993
657,944,698,944,698,973,657,973
706,947,753,947,753,973,706,973
915,950,996,950,996,984,915,984
1002,950,1060,950,1060,984,1002,984
;
912,979,987,979,987,1068,912,1068
;
304,999,344,999,344,1019,304,1019
353,992,484,996,483,1024,352,1020
495,984,559,984,559,1028,495,1028
550,993,643,993,643,1022,550,1022
648,990,698,990,698,1019,648,1019
706,987,758,987,758,1025,706,1025
982,987,1144,987,1144,1034,982,1034
;
350,1035,479,1041,477,1069,349,1063
483,1039,530,1039,530,1077,483,1077
535,1042,588,1042,588,1080,535,1080
593,1037,634,1037,634,1068,593,1068
631,1039,709,1039,709,1089,631,1089
718,1039,787,1039,787,1068,718,1068
793,1026,884,1041,877,1087,786,1073
880,1039,935,1039,935,1077,880,1077
972,1027,1058,1043,1051,1081,965,1064
1068,1034,1141,1034,1141,1068,1068,1068
;
165,1080,228,1080,228,1100,165,1100
237,1083,275,1083,275,1103,237,1103
347,1083,396,1083,396,1109,347,1109
515,1083,602,1083,602,1123,515,1123
663,1083,747,1083,747,1115,663,1115
944,1080,1002,1080,1002,1115,944,1115
1037,1083,1152,1083,1152,1115,1037,1115
;
330,1083,483,1083,483,1213,330,1213
;
475,1089,509,1089,509,1109,475,1109
602,1086,666,1086,666,1123,602,1123
750,1089,871,1089,871,1115,750,1115
887,1088,946,1084,948,1112,889,1116
1002,1086,1037,1086,1037,1112,1002,1112
;
225,1121,286,1121,286,1158,225,1158
;
504,1132,530,1132,530,1164,504,1164
533,1132,576,1132,576,1158,533,1158
580,1124,674,1132,670,1177,576,1169
666,1129,703,1129,703,1158,666,1158
710,1130,769,1136,767,1164,707,1158
771,1127,913,1136,911,1178,768,1170
912,1135,967,1135,967,1158,912,1158
973,1135,1042,1135,1042,1161,973,1161
1049,1127,1163,1138,1159,1174,1045,1162
;
280,1179,312,1179,312,1196,280,1196
411,1164,480,1164,480,1205,411,1205
501,1179,556,1179,556,1207,501,1207
556,1173,608,1173,608,1205,556,1205
617,1179,657,1179,657,1207,617,1207
657,1173,877,1173,877,1213,657,1213
889,1167,1025,1167,1025,1205,889,1205
;
440,1181,498,1181,498,1219,440,1219
1031,1181,1132,1181,1132,1207,1031,1207
;
182,1225,228,1225,228,1254,182,1254
228,1213,309,1213,309,1251,228,1251
341,1225,420,1225,420,1251,341,1251
422,1219,631,1219,631,1265,422,1265
623,1229,686,1224,689,1259,626,1264
683,1219,721,1219,721,1251,683,1251
727,1228,834,1228,834,1251,727,1251
845,1225,929,1225,929,1257,845,1257
941,1228,1002,1228,1002,1265,941,1265
999,1225,1037,1225,1037,1251,999,1251
1037,1222,1071,1222,1071,1254,1037,1254
1074,1222,1170,1222,1170,1263,1074,1263
;
177,1272,237,1267,239,1294,180,1299
344,1268,475,1268,475,1300,344,1300
477,1271,576,1271,576,1300,477,1300
582,1271,654,1271,654,1306,582,1306
666,1260,761,1260,761,1300,666,1300
761,1265,866,1265,866,1297,761,1297
869,1265,964,1265,964,1294,869,1294
976,1274,1031,1274,1031,1309,976,1309
1037,1268,1068,1268,1068,1297,1037,1297
1071,1274,1150,1274,1150,1309,1071,1309
;
829,1301,1055,1313,1050,1408,824,1396
;
194,1318,340,1306,343,1343,197,1355
344,1315,443,1315,443,1361,344,1361
446,1320,501,1320,501,1364,446,1364
501,1315,602,1315,602,1355,501,1355
602,1312,730,1312,730,1361,602,1361
737,1321,825,1316,827,1355,739,1360
1005,1309,1057,1309,1057,1338,1005,1338
1057,1310,1154,1318,1152,1346,1055,1337
;
171,1368,227,1361,230,1388,174,1395
269,1370,344,1370,344,1390,269,1390
347,1364,420,1364,420,1390,347,1390
417,1355,634,1355,634,1399,417,1399
644,1370,703,1366,706,1402,646,1406
709,1367,753,1367,753,1393,709,1393
761,1358,799,1358,799,1390,761,1390
808,1364,883,1364,883,1390,808,1390
1054,1358,1100,1358,1100,1384,1054,1384
1109,1355,1132,1355,1132,1384,1109,1384
;
176,1407,309,1407,309,1442,176,1442
356,1404,396,1404,396,1442,356,1442
401,1412,596,1390,602,1437,406,1459
602,1402,628,1402,628,1433,602,1433
646,1413,663,1413,663,1433,646,1433
677,1404,793,1404,793,1442,677,1442
848,1407,889,1407,889,1433,848,1433
895,1413,961,1413,961,1433,895,1433
966,1410,1144,1405,1145,1445,968,1450
;
350,1451,512,1451,512,1483,350,1483
527,1451,605,1451,605,1483,527,1483
788,1455,840,1444,847,1478,794,1489
848,1442,909,1442,909,1483,848,1483
996,1437,1173,1440,1173,1483,995,1480
;
156,1457,318,1457,318,1494,156,1494
611,1454,782,1454,782,1497,611,1497
914,1459,1001,1455,1002,1480,915,1483
;
147,1497,344,1497,344,1544,147,1544
350,1494,457,1494,457,1535,350,1535
456,1495,583,1504,581,1541,453,1531
644,1489,773,1502,769,1544,640,1531
990,1500,1097,1500,1097,1529,990,1529
;
593,1512,634,1512,634,1532,593,1532
773,1506,831,1506,831,1544,773,1544
834,1503,982,1503,982,1538,834,1538
1104,1502,1127,1510,1110,1553,1088,1545
;
165,1549,249,1549,249,1578,165,1578
298,1546,341,1546,341,1575,298,1575
344,1549,556,1549,556,1578,344,1578
564,1552,715,1552,715,1593,564,1593
724,1555,761,1555,761,1578,724,1578
770,1546,799,1546,799,1578,770,1578
801,1553,962,1535,967,1574,805,1592
964,1541,1002,1541,1002,1581,964,1581
1005,1541,1184,1541,1184,1584,1005,1584
;
194,1596,327,1596,327,1642,194,1642
338,1600,651,1591,652,1639,339,1648
654,1599,770,1599,770,1639,654,1639
767,1599,889,1599,889,1636,767,1636
900,1596,976,1596,976,1642,900,1642
976,1590,1112,1590,1112,1633,976,1633
;
