1009,59,1154,49,1157,94,1011,103
;
806,54,918,54,918,124,806,124
;
1132,89,1164,89,1164,124,1132,124
;
557,135,618,135,618,167,557,167
739,132,791,132,791,164,739,164
976,113,1104,128,1098,178,970,163
;
797,136,888,144,886,172,795,164
;
248,138,329,138,329,222,248,222
;
320,150,366,150,366,173,320,173
365,147,424,143,426,175,367,180
430,150,465,150,465,170,430,170
470,147,520,147,520,170,470,170
517,147,560,147,560,179,517,179
655,141,728,141,728,179,655,179
892,141,962,141,962,167,892,167
;
717,188,834,181,839,259,721,266
;
321,199,354,194,357,216,324,221
355,186,469,193,467,226,353,218
473,187,511,187,511,219,473,219
507,182,603,194,598,237,502,224
606,196,644,196,644,225,606,225
650,196,722,196,722,216,650,216
832,187,953,187,953,225,832,225
956,187,1008,187,1008,222,956,222
1000,188,1068,183,1071,218,1002,223
;
614,214,727,236,716,290,603,268
;
340,231,456,231,456,262,340,262
840,225,910,225,910,257,840,257
915,222,1031,222,1031,257,915,257
;
161,248,236,248,236,268,161,268
277,242,332,242,332,274,277,274
465,231,517,231,517,271,465,271
511,236,592,236,592,268,511,268
1037,231,1089,231,1089,257,1037,257
;
335,277,404,277,404,312,335,312
416,278,496,287,492,317,413,308
496,283,618,283,618,309,496,309
626,283,670,283,670,309,626,309
695,264,803,277,798,318,691,305
811,271,944,271,944,306,811,306
947,265,1063,265,1063,306,947,306
;
179,291,228,291,228,323,179,323
280,288,335,288,335,323,280,323
;
747,319,947,311,948,351,748,359
1016,312,1080,312,1080,346,1016,346
;
164,343,208,343,208,361,164,361
219,332,242,332,242,361,219,361
256,326,450,320,451,369,257,374
468,326,543,326,543,358,468,358
537,335,563,335,563,366,537,366
569,329,629,329,629,366,569,366
628,339,735,323,740,355,633,372
944,326,1008,326,1008,361,944,361
;
499,369,548,369,548,404,499,404
850,374,950,361,956,412,857,425
;
944,374,1097,370,1098,392,944,396
;
280,372,381,372,381,410,280,410
378,381,433,381,433,410,378,410
442,375,494,375,494,404,442,404
548,372,612,372,612,413,548,413
621,374,757,378,756,421,620,417
756,372,849,372,849,401,756,401
;
993,413,1066,413,1066,447,993,447
;
275,417,460,427,457,485,272,475
650,418,817,418,817,470,650,470
;
466,422,559,431,556,464,463,455
569,424,641,424,641,456,569,456
811,418,852,418,852,447,811,447
860,421,910,421,910,453,860,453
910,418,990,418,990,453,910,453
;
982,448,1121,452,1120,498,981,493
;
665,472,756,465,758,495,667,501
768,468,970,464,971,495,768,499
;
251,482,294,482,294,517,251,517
296,485,354,480,356,502,297,507
358,482,395,482,395,502,358,502
392,468,522,468,522,517,392,517
525,476,586,476,586,520,525,520
580,472,665,477,664,504,579,500
;
144,485,173,485,173,525,144,525
;
870,505,1018,497,1020,534,872,542
;
715,498,874,512,870,564,710,550
;
1019,502,1074,502,1074,540,1019,540
;
216,517,395,517,395,569,216,569
;
161,525,216,525,216,546,161,546
398,528,427,528,427,548,398,548
436,517,548,517,548,546,436,546
560,528,598,528,598,548,560,548
600,522,667,522,667,546,600,546
667,517,707,517,707,546,667,546
;
910,548,1054,548,1054,583,910,583
;
380,559,543,554,544,603,382,608
664,554,780,554,780,606,664,606
;
118,566,193,566,193,595,118,595
548,563,606,563,606,595,548,595
788,554,904,554,904,589,788,589
;
193,572,245,572,245,609,193,609
286,574,369,574,369,598,286,598
603,566,655,566,655,606,603,606
;
1034,600,1080,600,1080,629,1034,629
;
401,609,491,609,491,644,401,644
486,607,565,601,567,637,488,643
563,609,687,609,687,638,563,638
733,606,904,606,904,647,733,647
907,609,1030,600,1033,636,910,645
;
118,624,242,624,242,647,118,647
245,624,260,624,260,644,245,644
265,612,343,612,343,652,265,652
340,615,387,615,387,658,340,658
693,612,733,612,733,638,693,638
;
632,658,754,658,754,693,632,693
780,647,837,647,837,690,780,690
840,658,886,658,886,684,840,684
885,661,996,656,997,689,887,694
;
283,670,361,670,361,690,283,690
361,667,436,667,436,690,361,690
436,670,485,670,485,704,436,704
482,661,632,661,632,702,482,702
;
116,699,269,706,268,741,114,735
312,704,390,704,390,730,312,730
430,696,546,696,546,730,430,730
600,696,661,696,661,730,600,730
866,692,1055,698,1054,736,865,730
;
286,707,309,707,309,730,286,730
551,710,603,710,603,745,551,745
667,705,760,710,758,744,665,739
774,704,852,704,852,745,774,745
;
306,742,375,742,375,777,306,777
771,742,843,742,843,777,771,777
;
898,742,1068,742,1068,837,898,837
;
167,751,251,751,251,777,167,777
254,754,303,754,303,788,254,788
372,754,413,754,413,780,372,780
413,748,468,748,468,780,413,780
473,751,574,751,574,780,473,780
577,759,615,759,615,780,577,780
611,753,693,749,694,776,612,780
702,754,725,754,725,777,702,777
728,754,765,754,765,780,728,780
849,748,901,748,901,780,849,780
;
1025,782,1071,782,1071,817,1025,817
;
202,807,258,811,256,830,201,825
268,794,378,794,378,826,268,826
384,794,456,794,456,823,384,823
459,800,517,800,517,832,459,832
520,803,548,803,548,823,520,823
548,788,687,788,687,829,548,829
696,797,739,797,739,823,696,823
754,800,808,800,808,834,754,834
811,791,884,791,884,834,811,834
;
283,846,358,846,358,872,283,872
366,837,485,837,485,875,366,875
494,843,673,843,673,869,494,869
684,834,748,834,748,869,684,869
751,834,797,834,797,881,751,881
803,835,891,841,889,874,801,868
904,837,944,837,944,866,904,866
956,832,1057,832,1057,866,956,866
;
771,878,817,878,817,912,771,912
962,872,1057,872,1057,912,962,912
;
288,884,332,884,332,915,288,915
326,889,355,889,355,915,326,915
355,884,390,884,390,915,355,915
387,889,424,889,424,938,387,938
433,886,470,886,470,915,433,915
474,879,642,893,639,929,471,915
641,886,774,886,774,933,641,933
817,886,959,886,959,924,817,924
;
314,930,364,930,364,967,314,967
534,936,641,936,641,964,534,964
644,938,676,938,676,964,644,964
690,936,756,936,756,964,690,964
967,933,1011,933,1011,959,967,959
1008,936,1077,936,1077,970,1008,970
;
134,950,219,946,220,968,136,973
366,941,416,941,416,964,366,964
418,941,525,941,525,976,418,976
765,941,834,941,834,964,765,964
834,938,921,938,921,979,834,979
924,938,970,938,970,970,924,970
;
699,976,788,976,788,1011,699,1011
791,976,852,976,852,1008,791,1008
855,976,970,976,970,1008,855,1008
;
135,982,202,982,202,1014,135,1014
286,982,390,982,390,1019,286,1019
398,985,462,985,462,1011,398,1011
473,990,508,990,508,1011,473,1011
511,979,603,979,603,1028,511,1028
603,982,690,982,690,1025,603,1025
;
140,1036,256,1030,258,1066,142,1072
300,1028,332,1028,332,1068,300,1068
333,1023,435,1019,437,1062,335,1066
459,1028,511,1028,511,1057,459,1057
525,1040,563,1040,563,1060,525,1060
566,1034,676,1034,676,1060,566,1060
678,1028,736,1028,736,1060,678,1060
754,1028,808,1028,808,1060,754,1060
808,1022,843,1022,843,1057,808,1057
847,1034,973,1028,975,1066,849,1072
976,1031,1077,1031,1077,1063,976,1063
;
274,1077,332,1077,332,1109,274,1109
340,1074,384,1074,384,1106,340,1106
379,1068,456,1059,462,1108,385,1117
465,1080,508,1080,508,1106,465,1106
710,1074,840,1074,840,1115,710,1115
849,1071,910,1071,910,1103,849,1103
918,1071,1002,1071,1002,1103,918,1103
1008,1071,1086,1071,1086,1103,1008,1103
;
514,1080,624,1080,624,1118,514,1118
612,1086,647,1086,647,1118,612,1118
650,1080,707,1080,707,1109,650,1109
;
730,1118,774,1118,774,1152,730,1152
;
268,1118,361,1118,361,1196,268,1196
;
366,1126,416,1126,416,1161,366,1161
418,1120,494,1120,494,1155,418,1155
505,1120,543,1120,543,1149,505,1149
554,1129,655,1129,655,1164,554,1164
658,1123,725,1123,725,1152,658,1152
780,1123,814,1123,814,1149,780,1149
817,1126,901,1126,901,1149,817,1149
907,1120,1094,1120,1094,1152,907,1152
;
335,1178,349,1178,349,1196,335,1196
393,1165,464,1172,461,1202,390,1194
470,1175,560,1171,561,1193,471,1196
606,1172,641,1172,641,1193,606,1193
820,1167,852,1167,852,1196,820,1196
852,1175,915,1175,915,1196,852,1196
;
295,1206,443,1216,441,1251,292,1240
459,1213,525,1213,525,1245,459,1245
690,1204,768,1204,768,1253,690,1253
;
557,1218,625,1222,623,1249,556,1245
761,1219,900,1214,902,1258,762,1263
904,1216,941,1216,941,1248,904,1248
989,1222,1094,1215,1097,1253,991,1260
;
242,1219,291,1219,291,1250,242,1250
447,1219,462,1219,462,1242,447,1242
537,1224,557,1224,557,1253,537,1253
632,1222,684,1222,684,1256,632,1256
944,1219,993,1219,993,1248,944,1248
;
291,1253,326,1253,326,1285,291,1285
352,1253,439,1253,439,1288,352,1288
502,1253,577,1253,577,1291,502,1291
618,1259,658,1259,658,1288,618,1288
661,1259,707,1259,707,1291,661,1291
;
433,1262,502,1262,502,1308,433,1308
923,1269,1103,1262,1104,1298,925,1305
;
335,1265,355,1265,355,1285,335,1285
589,1268,615,1268,615,1288,589,1288
710,1265,918,1265,918,1291,710,1291
;
144,1305,234,1305,234,1337,144,1337
283,1302,392,1302,392,1346,283,1346
410,1308,462,1308,462,1346,410,1346
459,1317,508,1317,508,1340,459,1340
514,1308,537,1308,537,1337,514,1337
534,1314,595,1314,595,1349,534,1349
595,1311,641,1311,641,1337,595,1337
644,1314,725,1314,725,1340,644,1340
;
803,1328,858,1328,858,1343,803,1343
858,1328,901,1328,901,1343,858,1343
904,1326,933,1326,933,1343,904,1343
;
239,1349,375,1349,375,1398,239,1398
377,1348,470,1358,466,1402,372,1393
479,1352,566,1352,566,1383,479,1383
577,1354,702,1354,702,1392,577,1392
708,1352,907,1356,907,1390,707,1386
993,1363,1092,1363,1092,1392,993,1392
1100,1363,1196,1363,1196,1383,1100,1383
;
907,1366,996,1366,996,1401,907,1401
;
142,1393,267,1407,264,1443,138,1429
265,1412,280,1412,280,1430,265,1430
286,1398,404,1398,404,1438,286,1438
410,1401,462,1401,462,1430,410,1430
459,1398,622,1389,625,1435,462,1445
632,1409,707,1409,707,1432,632,1432
723,1405,803,1396,808,1437,728,1446
806,1412,872,1412,872,1435,806,1435
867,1412,1002,1395,1007,1434,872,1452
1008,1412,1100,1412,1100,1435,1008,1435
;
283,1438,335,1438,335,1473,283,1473
;
341,1439,495,1454,491,1493,338,1478
490,1457,619,1442,623,1478,494,1492
624,1453,704,1453,704,1487,624,1487
707,1450,843,1450,843,1484,707,1484
849,1444,954,1449,953,1480,848,1476
956,1441,1071,1441,1071,1476,956,1476
;
925,1487,1102,1497,1099,1545,922,1535
;
100,1491,279,1488,280,1525,101,1528
288,1496,401,1496,401,1522,288,1522
470,1499,566,1499,566,1522,470,1522
572,1496,589,1496,589,1522,572,1522
587,1491,674,1495,672,1526,585,1522
679,1492,741,1496,739,1526,677,1522
858,1490,927,1490,927,1525,858,1525
;
387,1499,522,1499,522,1577,387,1577
;
742,1502,840,1502,840,1528,742,1528
;
136,1537,270,1547,268,1575,134,1565
274,1534,326,1534,326,1574,274,1574
323,1539,381,1539,381,1568,323,1568
532,1528,697,1534,695,1590,530,1584
713,1539,736,1539,736,1568,713,1568
742,1539,782,1539,782,1588,742,1588
790,1540,900,1535,902,1568,791,1573
907,1548,959,1548,959,1583,907,1583
962,1542,1002,1542,1002,1571,962,1571
1005,1539,1080,1539,1080,1580,1005,1580
;
135,1594,265,1594,265,1617,135,1617
286,1586,349,1586,349,1617,286,1617
346,1591,404,1591,404,1626,346,1626
416,1580,540,1580,540,1629,416,1629
554,1568,704,1568,704,1638,554,1638
707,1594,736,1594,736,1617,707,1617
742,1591,811,1591,811,1620,742,1620
817,1588,860,1588,860,1614,817,1614
863,1580,895,1580,895,1614,863,1614
896,1581,1065,1598,1061,1635,892,1619
;
1063,1600,1106,1600,1106,1626,1063,1626
;
