333,69,374,69,374,110,333,110
412,75,449,75,449,113,412,113
;
481,133,705,133,705,179,481,179
;
330,145,473,145,473,191,330,191
696,133,850,133,850,197,696,197
850,133,937,133,937,194,850,194
;
940,159,1013,159,1013,179,940,179
1018,147,1086,160,1079,200,1010,187
1073,156,1188,145,1192,184,1077,195
;
84,186,329,173,332,228,87,242
;
333,200,397,200,397,238,333,238
464,194,603,194,603,243,464,243
823,204,983,199,984,232,824,237
;
397,203,452,203,452,223,397,223
;
606,203,728,203,728,243,606,243
;
725,206,754,206,754,229,725,229
;
769,206,821,206,821,240,769,240
987,209,1004,209,1004,229,987,229
1059,209,1161,209,1161,235,1059,235
;
643,233,760,244,755,294,638,283
;
85,246,200,239,201,263,87,270
377,238,418,238,418,267,377,267
418,240,470,240,470,269,418,269
476,240,563,240,563,269,476,269
571,240,632,240,632,269,571,269
839,240,914,240,914,272,839,272
920,243,966,243,966,275,920,275
;
969,243,1088,243,1088,293,969,293
;
804,246,841,246,841,272,804,272
;
74,274,280,247,285,292,79,318
;
763,249,801,249,801,272,763,272
1100,249,1158,249,1158,278,1100,278
;
281,255,415,255,415,316,281,316
;
409,275,545,275,545,322,409,322
644,275,737,275,737,330,644,330
;
554,287,632,287,632,330,554,330
798,287,891,287,891,322,798,322
;
996,302,1104,290,1108,330,1000,342
;
240,293,275,293,275,325,240,325
;
734,293,795,293,795,336,734,336
;
74,316,239,296,244,333,79,354
;
899,299,955,299,955,336,899,336
958,304,998,304,998,325,958,325
;
217,315,414,329,410,382,213,368
409,330,470,330,470,362,409,362
470,325,589,325,589,377,470,377
;
595,333,734,333,734,380,595,380
;
749,333,865,333,865,368,749,368
865,336,926,336,926,371,865,371
926,339,955,339,955,368,926,368
1010,336,1062,336,1062,368,1010,368
;
958,342,1010,342,1010,368,958,368
1065,339,1172,339,1172,380,1065,380
;
75,345,217,345,217,435,75,435
;
232,386,284,386,284,403,232,403
382,377,489,373,491,415,383,420
484,380,563,380,563,420,484,420
567,362,881,382,878,434,564,414
905,386,969,386,969,415,905,415
978,380,1103,380,1103,418,978,418
;
1108,389,1181,389,1181,420,1108,420
;
807,428,967,435,966,468,806,461
;
973,431,1082,444,1078,476,969,463
;
249,435,313,435,313,455,249,455
322,432,354,432,354,455,322,455
452,432,496,432,496,461,452,461
;
371,435,447,435,447,476,371,476
;
525,438,624,438,624,458,525,458
632,441,676,441,676,461,632,461
679,441,795,441,795,464,679,464
;
1088,444,1164,444,1164,479,1088,479
;
397,476,452,476,452,502,397,502
464,473,510,473,510,505,464,505
601,468,683,472,681,509,600,504
;
696,479,775,479,775,513,696,513
;
1034,487,1207,480,1208,519,1036,526
;
516,481,592,481,592,505,516,505
;
778,487,897,487,897,510,778,510
897,481,1033,481,1033,525,897,525
;
555,513,598,538,579,572,535,547
676,519,731,519,731,560,676,560
;
724,520,893,531,887,616,718,605
;
435,522,479,522,479,551,435,551
476,522,534,522,534,551,476,551
;
804,525,859,525,859,560,804,560
;
211,528,275,528,275,545,211,545
;
598,534,673,534,673,557,598,557
;
853,534,943,534,943,571,853,571
943,539,960,539,960,566,943,566
960,539,1036,539,1036,571,960,571
1036,539,1068,539,1068,566,1036,566
;
205,568,302,551,308,585,211,601
;
368,572,505,554,511,601,375,619
;
557,571,696,571,696,615,557,615
;
1055,571,1209,586,1204,635,1051,619
;
519,577,557,577,557,600,519,600
891,580,931,580,931,606,891,606
937,580,981,580,981,606,937,606
987,586,1001,586,1001,606,987,606
1007,583,1048,583,1048,606,1007,606
;
296,602,407,606,406,645,295,641
435,609,508,609,508,647,435,647
;
72,615,191,615,191,661,72,661
860,616,968,625,964,664,857,655
;
505,618,592,618,592,647,505,647
673,618,714,618,714,647,673,647
;
604,624,670,620,672,655,607,660
735,621,851,628,850,653,733,647
972,621,1021,621,1021,659,972,659
;
1010,622,1197,633,1193,716,1005,705
;
418,624,432,624,432,641,418,641
;
1169,629,1204,629,1204,647,1169,647
;
211,632,269,632,269,693,211,693
;
1018,635,1045,635,1045,656,1018,656
;
77,644,287,693,266,782,56,733
;
267,651,436,657,434,707,265,701
;
174,656,229,656,229,682,174,682
;
435,658,572,661,571,691,434,687
;
691,658,999,673,995,768,686,753
;
583,661,632,661,632,693,583,693
;
1045,673,1138,673,1138,719,1045,719
;
476,705,531,705,531,737,476,737
;
592,708,676,708,676,754,592,754
;
374,714,476,714,476,734,374,734
;
902,714,998,714,998,749,902,749
;
818,717,868,717,868,760,818,760
;
679,719,772,719,772,740,679,740
862,719,888,719,888,743,862,743
998,719,1016,719,1016,743,998,743
;
1013,722,1167,722,1167,757,1013,757
;
70,747,180,724,190,768,80,791
;
301,749,415,749,415,786,301,786
424,747,546,753,545,795,422,789
;
551,757,740,757,740,801,551,801
781,758,841,764,838,791,779,786
850,757,1001,757,1001,792,850,792
1016,763,1036,763,1036,789,1016,789
1036,767,1102,761,1105,797,1040,803
1106,760,1155,760,1155,792,1106,792
;
746,763,783,763,783,786,746,786
;
433,813,609,794,618,879,442,898
;
614,804,726,799,729,873,618,878
;
179,801,339,801,339,824,179,824
374,801,516,801,516,830,374,830
574,804,667,804,667,833,574,833
;
885,804,995,804,995,847,885,847
;
728,807,749,807,749,833,728,833
749,809,876,809,876,833,749,833
;
1085,812,1169,812,1169,844,1085,844
;
206,836,277,840,275,874,204,870
281,841,301,841,301,868,281,868
911,815,1158,815,1158,894,911,894
;
371,841,449,841,449,891,371,891
754,841,870,841,870,891,754,891
879,847,908,847,908,876,879,876
;
303,853,353,849,355,867,305,872
;
374,894,461,894,461,920,374,920
;
464,897,598,897,598,929,464,929
598,894,659,894,659,934,598,934
676,899,722,899,722,934,676,934
780,902,841,902,841,923,780,923
;
148,937,203,937,203,978,148,978
295,925,429,951,420,998,286,972
452,946,577,946,577,984,452,984
897,934,1007,934,1007,981,897,981
;
638,949,850,949,850,1036,638,1036
;
583,952,638,952,638,992,583,992
1033,955,1158,959,1158,982,1032,978
;
191,984,330,984,330,1016,191,1016
459,981,614,974,616,1021,462,1028
830,984,1001,984,1001,1024,830,1024
;
994,996,1160,988,1162,1024,995,1031
;
618,989,659,989,659,1018,618,1018
;
365,992,461,992,461,1027,365,1027
;
389,1033,423,1033,423,1068,389,1068
979,1039,1082,1031,1084,1064,981,1072
;
644,1033,717,1033,717,1085,644,1085
;
435,1036,551,1036,551,1065,435,1065
;
557,1036,644,1036,644,1085,557,1085
717,1036,975,1036,975,1088,717,1088
;
214,1039,287,1039,287,1065,214,1065
301,1039,348,1039,348,1062,301,1062
351,1042,386,1042,386,1071,351,1071
1094,1044,1179,1048,1178,1072,1093,1067
;
195,1070,315,1076,313,1112,193,1106
;
935,1073,1071,1092,1065,1140,929,1121
;
435,1077,563,1077,563,1111,435,1111
;
353,1092,431,1080,436,1111,357,1123
569,1085,711,1085,711,1123,569,1123
850,1085,920,1085,920,1123,850,1123
;
714,1088,853,1088,853,1129,714,1129
1065,1085,1155,1085,1155,1140,1065,1140
;
348,1129,641,1129,641,1178,348,1178
741,1136,835,1129,837,1160,743,1166
876,1124,953,1136,947,1175,870,1163
1071,1132,1155,1132,1155,1178,1071,1178
;
647,1138,743,1138,743,1184,647,1184
;
987,1143,1071,1143,1071,1167,987,1167
;
449,1178,545,1178,545,1210,449,1210
926,1178,969,1178,969,1213,926,1213
963,1178,1100,1178,1100,1213,963,1213
;
79,1187,324,1179,326,1230,81,1238
667,1181,879,1181,879,1228,667,1228
;
362,1184,426,1184,426,1210,362,1210
885,1181,917,1181,917,1210,885,1210
;
389,1187,490,1187,490,1257,389,1257
;
545,1187,659,1187,659,1219,545,1219
1099,1193,1178,1189,1179,1218,1100,1221
;
255,1225,449,1225,449,1309,255,1309
;
487,1230,534,1230,534,1254,487,1254
534,1233,586,1233,586,1254,534,1254
792,1230,844,1230,844,1251,792,1251
859,1230,931,1230,931,1245,859,1245
975,1228,1024,1228,1024,1251,975,1251
;
78,1259,133,1259,133,1288,78,1288
;
447,1262,505,1262,505,1297,447,1297
509,1269,617,1263,619,1297,511,1303
624,1262,661,1262,661,1297,624,1297
659,1268,792,1268,792,1297,659,1297
798,1259,862,1259,862,1303,798,1303
862,1262,888,1262,888,1297,862,1297
888,1259,946,1259,946,1294,888,1294
;
987,1274,1103,1274,1103,1306,987,1306
1106,1277,1178,1277,1178,1306,1106,1306
;
922,1308,1035,1323,1031,1360,917,1345
;
362,1312,473,1312,473,1349,362,1349
510,1309,537,1309,537,1347,510,1347
865,1318,917,1318,917,1344,865,1344
1033,1312,1111,1312,1111,1347,1033,1347
1114,1315,1164,1315,1164,1347,1114,1347
;
194,1320,272,1320,272,1352,194,1352
281,1320,336,1320,336,1349,281,1349
481,1320,510,1320,510,1347,481,1347
624,1326,699,1326,699,1349,624,1349
699,1323,795,1323,795,1355,699,1355
804,1324,853,1319,855,1346,807,1351
;
186,1355,332,1364,330,1396,184,1387
;
355,1355,461,1371,455,1415,349,1400
;
502,1364,600,1364,600,1399,502,1399
781,1366,883,1370,882,1401,779,1397
891,1361,952,1361,952,1393,891,1393
;
600,1370,682,1370,682,1399,600,1399
679,1367,772,1367,772,1408,679,1408
955,1367,1036,1367,1036,1402,955,1402
;
826,1417,974,1401,978,1437,830,1453
;
226,1410,339,1410,339,1437,226,1437
481,1410,548,1410,548,1439,481,1439
555,1408,642,1413,640,1444,553,1439
650,1402,780,1402,780,1442,650,1442
778,1408,830,1408,830,1439,778,1439
984,1403,1093,1414,1090,1448,981,1437
1094,1410,1155,1410,1155,1439,1094,1439
;
347,1417,452,1413,454,1460,348,1464
;
452,1419,479,1419,479,1439,452,1439
;
232,1463,290,1463,290,1480,232,1480
351,1460,481,1460,481,1489,351,1489
490,1454,583,1454,583,1486,490,1486
595,1460,615,1460,615,1486,595,1486
615,1457,705,1457,705,1489,615,1489
699,1461,797,1449,801,1482,703,1494
815,1460,836,1460,836,1483,815,1483
836,1454,949,1454,949,1480,836,1480
972,1451,1050,1451,1050,1486,972,1486
1055,1463,1160,1458,1162,1483,1057,1489
;
682,1504,783,1493,788,1533,686,1544
;
786,1495,859,1495,859,1527,786,1527
;
361,1498,451,1515,445,1548,355,1532
;
455,1500,586,1500,586,1532,455,1532
860,1510,946,1502,948,1527,863,1535
958,1506,1033,1506,1033,1529,958,1529
1036,1503,1068,1503,1068,1529,1036,1529
1079,1500,1167,1500,1167,1532,1079,1532
;
191,1547,330,1547,330,1579,191,1579
697,1538,811,1544,809,1578,695,1573
836,1550,911,1550,911,1573,836,1573
924,1537,1110,1546,1108,1582,922,1573
1108,1550,1164,1550,1164,1576,1108,1576
;
363,1552,439,1557,437,1579,361,1573
479,1553,539,1553,539,1576,479,1576
539,1556,586,1556,586,1576,539,1576
627,1556,693,1556,693,1579,627,1579
;
357,1582,464,1582,464,1622,357,1622
;
208,1591,297,1582,302,1629,213,1638
474,1586,599,1594,597,1628,472,1619
638,1593,688,1593,688,1625,638,1625
692,1587,782,1595,779,1627,689,1619
786,1602,807,1602,807,1619,786,1619
827,1593,937,1593,937,1628,827,1628
937,1593,1207,1593,1207,1631,937,1631
;
