352,361,591,361,591,416,352,416
;
591,364,675,364,675,436,591,436
;
696,384,733,384,733,410,696,410
742,369,806,369,806,413,742,413
821,375,923,375,923,416,821,416
958,387,993,387,993,410,958,410
1054,366,1118,366,1118,407,1054,407
1162,369,1266,369,1266,413,1162,413
;
993,387,1054,387,1054,416,993,416
;
951,412,1089,457,1061,546,922,501
;
634,436,760,436,760,489,634,489
1077,448,1115,448,1115,477,1077,477
1118,428,1255,428,1255,480,1118,480
;
317,457,413,457,413,480,317,480
416,463,442,463,442,480,416,480
451,454,538,454,538,480,451,480
538,454,582,454,582,480,538,480
816,449,916,454,914,488,814,483
;
789,498,867,498,867,544,789,544
876,498,964,498,964,547,876,547
;
416,498,550,498,550,570,416,570
;
1165,500,1237,500,1237,535,1165,535
;
1045,501,1152,516,1146,559,1039,544
;
550,506,728,506,728,582,550,582
;
736,524,786,524,786,544,736,544
964,506,1045,506,1045,547,964,547
;
732,554,883,571,875,637,725,620
921,583,975,553,1008,613,954,643
;
394,567,503,563,505,608,396,612
550,573,611,573,611,617,550,617
1020,568,1187,559,1189,602,1022,611
1194,562,1272,562,1272,617,1194,617
;
975,614,1015,575,1033,594,994,633
;
608,579,716,579,716,605,608,605
891,579,934,579,934,605,891,605
;
444,634,546,623,550,670,448,680
941,637,1075,623,1079,657,944,671
;
1089,626,1162,626,1162,655,1089,655
1162,629,1217,629,1217,652,1162,652
1211,633,1262,624,1266,649,1216,658
;
334,646,381,646,381,672,334,672
401,646,436,646,436,672,401,672
556,629,693,629,693,687,556,687
677,648,751,641,755,684,682,692
760,640,859,640,859,666,760,666
859,646,929,646,929,666,859,666
;
320,699,366,699,366,733,320,733
356,706,501,673,514,731,369,764
518,693,582,693,582,731,518,731
581,705,669,700,671,728,582,732
833,716,922,679,937,715,848,752
944,665,1055,698,1036,762,926,730
1048,701,1086,701,1086,725,1048,725
1090,697,1261,688,1263,732,1092,741
;
675,707,815,707,815,748,675,748
;
1130,734,1262,753,1255,796,1124,777
;
380,774,512,746,520,783,388,811
495,770,562,774,561,796,494,792
620,765,687,765,687,806,620,806
693,765,821,765,821,792,693,792
841,763,876,763,876,792,841,792
873,751,911,751,911,792,873,792
934,756,1112,752,1113,786,934,790
;
315,819,392,814,394,858,317,863
393,832,486,832,486,859,393,859
512,821,579,821,579,859,512,859
599,835,733,835,733,859,599,859
748,818,867,818,867,856,748,856
867,835,955,835,955,856,867,856
978,832,1031,832,1031,862,978,862
1033,835,1089,835,1089,856,1033,856
1095,827,1162,827,1162,853,1095,853
1167,827,1258,827,1258,856,1167,856
;
539,906,732,874,740,922,547,954
;
1147,879,1243,879,1243,920,1147,920
;
407,879,492,879,492,943,407,943
;
485,942,557,886,584,919,511,976
;
313,895,404,890,406,923,314,928
768,905,806,905,806,926,768,926
812,888,946,888,946,937,812,937
966,891,1138,891,1138,923,966,923
;
1031,940,1065,940,1065,981,1031,981
;
596,940,785,964,779,1012,590,988
;
387,955,431,955,431,984,387,984
428,943,477,943,477,987,428,987
1047,950,1161,947,1163,986,1048,990
1170,952,1243,952,1243,984,1170,984
;
311,961,358,961,358,984,311,984
509,958,582,958,582,996,509,996
803,964,867,964,867,984,803,984
865,958,1031,958,1031,984,865,984
;
311,1007,346,1007,346,1042,311,1042
410,996,518,996,518,1060,410,1060
527,998,611,998,611,1051,527,1051
649,1004,786,1004,786,1068,649,1068
974,1014,1129,1006,1131,1042,975,1050
1188,996,1240,996,1240,1042,1188,1042
;
337,1016,396,1016,396,1045,337,1045
617,1016,652,1016,652,1051,617,1051
841,1015,907,1008,911,1047,845,1054
908,1028,966,1028,966,1051,908,1051
1153,1007,1191,1007,1191,1036,1153,1036
;
302,1080,425,1080,425,1112,302,1112
428,1089,486,1089,486,1109,428,1109
512,1083,547,1083,547,1106,512,1106
549,1065,623,1073,619,1114,545,1107
636,1075,783,1068,785,1109,638,1116
854,1081,1012,1074,1014,1111,856,1119
1031,1060,1103,1060,1103,1106,1031,1106
1113,1066,1222,1061,1224,1100,1115,1106
;
780,1095,835,1095,835,1115,780,1115
;
597,1115,637,1115,637,1144,597,1144
;
305,1130,407,1130,407,1170,305,1170
419,1130,500,1130,500,1167,419,1167
503,1135,541,1135,541,1167,503,1167
626,1141,713,1141,713,1173,626,1173
728,1124,932,1124,932,1173,728,1173
959,1143,1080,1137,1081,1170,961,1175
1080,1130,1249,1130,1249,1170,1080,1170
;
544,1144,611,1144,611,1176,544,1176
;
422,1194,483,1194,483,1231,422,1231
500,1202,550,1202,550,1234,500,1234
556,1188,713,1188,713,1234,556,1234
835,1194,902,1194,902,1240,835,1240
949,1191,1051,1191,1051,1234,949,1234
1140,1189,1243,1186,1244,1226,1141,1229
;
343,1205,425,1205,425,1231,343,1231
733,1211,774,1211,774,1237,733,1237
789,1211,827,1211,827,1237,789,1237
914,1208,946,1208,946,1237,914,1237
1055,1212,1143,1204,1147,1241,1058,1249
;
463,1240,518,1240,518,1272,463,1272
;
294,1272,337,1272,337,1298,294,1298
358,1272,500,1272,500,1296,358,1296
527,1269,634,1269,634,1301,527,1301
897,1269,1007,1269,1007,1304,897,1304
1025,1266,1132,1266,1132,1301,1025,1301
1129,1271,1235,1255,1241,1292,1135,1308
;
634,1281,699,1281,699,1304,634,1304
701,1282,771,1275,774,1311,704,1318
774,1281,815,1281,815,1304,774,1304
830,1278,899,1278,899,1304,830,1304
;
721,1356,1031,1294,1056,1419,746,1481
;
291,1333,340,1333,340,1360,291,1360
407,1336,466,1336,466,1360,407,1360
472,1321,624,1327,623,1366,471,1361
655,1325,754,1325,754,1368,655,1368
1050,1328,1126,1319,1131,1356,1054,1365
1121,1319,1258,1319,1258,1371,1121,1371
;
879,1421,1015,1376,1031,1424,895,1469
;
477,1393,589,1401,583,1500,471,1493
;
337,1395,454,1395,454,1424,337,1424
588,1398,684,1398,684,1430,588,1430
684,1398,725,1398,725,1430,684,1430
1182,1395,1231,1395,1231,1424,1182,1424
;
1007,1400,1182,1400,1182,1450,1007,1450
;
292,1459,392,1455,394,1487,294,1491
387,1462,463,1462,463,1488,387,1488
562,1450,646,1450,646,1491,562,1491
649,1470,687,1470,687,1491,649,1491
728,1467,777,1467,777,1497,728,1497
780,1464,865,1464,865,1491,780,1491
934,1467,1013,1467,1013,1491,934,1491
1007,1453,1098,1453,1098,1488,1007,1488
1118,1454,1236,1444,1241,1503,1123,1513
;
739,1514,873,1514,873,1558,739,1558
;
285,1526,349,1526,349,1552,285,1552
384,1529,439,1529,439,1552,384,1552
492,1529,599,1529,599,1564,492,1564
602,1531,643,1531,643,1552,602,1552
643,1526,687,1526,687,1552,643,1552
882,1534,946,1534,946,1564,882,1564
953,1515,1238,1527,1236,1578,951,1566
;
501,1615,597,1571,615,1611,520,1655
;
291,1590,326,1590,326,1622,291,1622
410,1584,515,1584,515,1613,410,1613
617,1584,713,1584,713,1619,617,1619
760,1584,830,1584,830,1622,760,1622
861,1599,908,1591,913,1620,865,1627
906,1589,1089,1593,1088,1633,905,1629
1098,1587,1231,1587,1231,1616,1098,1616
;
282,1657,340,1657,340,1686,282,1686
585,1636,637,1636,637,1683,585,1683
940,1660,1147,1624,1156,1673,948,1709
1159,1654,1231,1654,1231,1677,1159,1677
;
444,1663,585,1658,586,1697,446,1702
655,1657,742,1657,742,1715,655,1715
;
742,1663,867,1663,867,1689,742,1689
902,1660,932,1660,932,1686,902,1686
;
49,1797,195,1797,195,1820,49,1820
192,1802,235,1802,235,1820,192,1820
;
428,1819,597,1824,596,1855,427,1850
;
