3885,131,4370,131,4370,341,3885,341
;
2979,157,3806,157,3806,380,2979,380
;
4370,183,5013,183,5013,656,4370,656
;
5057,222,5305,267,5279,406,5032,361
;
2480,223,2861,223,2861,433,2480,433
;
2047,236,2454,236,2454,761,2047,761
;
2835,262,2940,262,2940,380,2835,380
;
5270,277,5545,332,5518,470,5242,415
;
5499,328,5630,328,5630,498,5499,498
;
4935,406,5079,406,5079,577,4935,577
;
3504,446,3635,446,3635,630,3504,630
;
4725,446,4948,446,4948,590,4725,590
;
2664,459,3294,459,3294,708,2664,708
;
3609,459,4121,459,4121,643,3609,643
5040,472,5197,472,5197,616,5040,616
;
3255,485,3451,485,3451,656,3255,656
;
3955,532,4996,503,5005,829,3964,858
;
2349,511,2572,511,2572,721,2349,721
;
5338,522,5686,600,5654,746,5305,668
;
5197,525,5381,525,5381,853,5197,853
;
3384,762,3748,665,3806,884,3442,981
;
3727,669,3924,669,3924,866,3727,866
;
2732,745,3350,763,3344,965,2726,947
;
2611,748,2743,748,2743,931,2611,931
;
2047,748,2310,748,2310,984,2047,984
;
2283,840,2506,840,2506,971,2283,971
;
4633,879,5315,879,5315,1155,4633,1155
;
3845,931,4567,931,4567,1233,3845,1233
;
3321,1025,3822,965,3848,1183,3347,1243
;
5289,971,5420,971,5420,1155,5289,1155
;
2597,1081,3360,979,3393,1227,2630,1329
;
5446,1063,5617,1063,5617,1194,5446,1194
;
2080,1158,2545,1134,2552,1267,2087,1291
;
4488,1233,5145,1233,5145,1430,4488,1430
;
4003,1246,4462,1246,4462,1470,4003,1470
;
5187,1302,5660,1265,5675,1468,5203,1504
;
3438,1299,3635,1299,3635,1509,3438,1509
3648,1344,3922,1319,3937,1478,3662,1503
;
3255,1338,3451,1338,3451,1535,3255,1535
;
5131,1351,5210,1351,5210,1470,5131,1470
;
2611,1351,3005,1351,3005,1627,2611,1627
;
2257,1378,2598,1378,2598,1575,2257,1575
;
2047,1391,2244,1391,2244,1588,2047,1588
;
2979,1391,3255,1391,3255,1561,2979,1561
;
4087,1565,4710,1544,4718,1767,4095,1788
4685,1535,5026,1535,5026,1798,4685,1798
;
3074,1701,3474,1555,3566,1808,3166,1954
;
5043,1558,5654,1592,5643,1791,5032,1757
;
3530,1588,3885,1588,3885,1811,3530,1811
;
2493,1653,3097,1653,3097,1850,2493,1850
;
3858,1653,3990,1653,3990,1798,3858,1798
;
2029,1734,2480,1716,2485,1852,2035,1870
;
3792,1882,4574,1770,4618,2079,3836,2191
;
4803,1863,5315,1863,5315,2047,4803,2047
;
5328,1863,5617,1863,5617,2086,5328,2086
;
2071,1904,2495,1957,2425,2517,2001,2465
;
3169,1971,3542,1952,3550,2092,3176,2112
;
3622,1955,3832,1955,3832,2086,3622,2086
;
2578,2008,3017,1984,3024,2119,2585,2143
;
4081,2126,4226,2126,4226,2349,4081,2349
4685,2126,5158,2126,5158,2362,4685,2362
;
3609,2152,3740,2152,3740,2375,3609,2375
;
2992,2165,3373,2165,3373,2467,2992,2467
;
3885,2191,4121,2191,4121,2388,3885,2388
4186,2205,4396,2205,4396,2388,4186,2388
;
3399,2218,3622,2218,3622,2415,3399,2415
;
5118,2218,5302,2218,5302,2349,5118,2349
;
4370,2231,4646,2231,4646,2454,4370,2454
;
5289,2231,5407,2231,5407,2349,5289,2349
5394,2231,5617,2231,5617,2362,5394,2362
;
3766,2257,3832,2257,3832,2375,3766,2375
;
2506,2257,2821,2257,2821,2467,2506,2467
;
2795,2257,2979,2257,2979,2441,2795,2441
;
4449,2415,5118,2415,5118,2743,4449,2743
;
5176,2420,5670,2453,5653,2707,5159,2674
;
3517,2493,3688,2493,3688,2703,3517,2703
4147,2506,4423,2506,4423,2703,4147,2703
;
2008,2506,2493,2506,2493,2782,2008,2782
2985,2564,3497,2507,3520,2720,3009,2777
;
3793,2559,4160,2559,4160,2795,3793,2795
;
2524,2636,3001,2580,3028,2806,2551,2862
;
3530,2782,4081,2782,4081,3071,3530,3071
;
4983,3198,5657,2785,5885,3158,5211,3571
;
4112,2861,5166,2805,5177,3004,4122,3060
;
5210,2808,5525,2808,5525,3018,5210,3018
;
2008,2821,2375,2821,2375,3123,2008,3123
;
2373,2957,3026,2903,3059,3300,2406,3355
;
2992,2940,3202,2940,3202,3084,2992,3084
;
4173,3097,4606,3097,4606,3386,4173,3386
;
4764,3110,5131,3110,5131,3333,4764,3333
;
3766,3110,4160,3110,4160,3412,3766,3412
;
2835,3176,3215,3176,3215,3373,2835,3373
3247,3172,3750,3153,3758,3370,3255,3389
;
2506,3189,2835,3189,2835,3373,2506,3373
;
2113,3228,2310,3228,2310,3360,2113,3360
;
1966,3524,2691,3384,2742,3652,2018,3792
;
3898,3438,4200,3438,4200,3661,3898,3661
;
2756,3451,2979,3451,2979,3727,2756,3727
;
3318,3533,3856,3490,3874,3717,3336,3760
;
4545,3520,4827,3498,4837,3623,4555,3645
4869,3504,5381,3504,5381,3635,4869,3635
;
2979,3530,3281,3530,3281,3648,2979,3648
4186,3517,4475,3517,4475,3648,4186,3648
4462,3517,4567,3517,4567,3648,4462,3648
5436,3510,5680,3532,5668,3668,5424,3646
;
5085,3684,5615,3667,5623,3936,5093,3953
;
4431,3691,5131,3754,5104,4049,4404,3985
;
3097,3727,3570,3727,3570,3963,3097,3963
3622,3701,4147,3701,4147,3976,3622,3976
4213,3727,4449,3727,4449,3963,4213,3963
;
2953,3753,3084,3753,3084,3950,2953,3950
;
1984,3848,2530,3790,2557,4046,2011,4104
;
2520,3819,2848,3819,2848,3963,2520,3963
;
3123,4003,3780,4003,3780,4278,3123,4278
;
2244,4016,3136,4016,3136,4567,2244,4567
;
3753,4095,3937,4095,3937,4278,3753,4278
;
2008,4134,2218,4134,2218,4265,2008,4265
;
4759,4329,5681,4308,5685,4514,4764,4534
;
3806,4344,4108,4344,4108,4567,3806,4567
4194,4392,4592,4374,4598,4513,4200,4531
;
4580,4383,4711,4383,4711,4501,4580,4501
;
3399,4383,3832,4383,3832,4633,3399,4633
;
3123,4396,3412,4396,3412,4580,3123,4580
;
2231,4423,3241,4423,3241,4856,2231,4856
;
4278,4593,5446,4593,5446,4830,4278,4830
;
1995,4646,2270,4646,2270,4816,1995,4816
5433,4633,5722,4633,5722,4843,5433,4843
;
3228,4685,3478,4685,3478,4830,3228,4830
3492,4674,3954,4690,3949,4832,3487,4816
;
3963,4685,4291,4685,4291,4921,3963,4921
;
2213,4863,2923,4847,2928,5092,2218,5107
;
2981,4926,3496,4946,3489,5112,2974,5092
3650,4916,4440,4940,4435,5115,3645,5091
4515,4908,5460,4908,5460,5118,4515,5118
5460,4961,5525,4961,5525,5079,5460,5079
;
1968,4961,2165,4961,2165,5092,1968,5092
;
3157,5209,3873,5107,3918,5415,3201,5518
;
1942,5131,2559,5131,2559,5460,1942,5460
2562,5172,3195,5190,3188,5425,2555,5407
4528,5197,4987,5197,4987,5394,4528,5394
5008,5243,5694,5160,5719,5362,5033,5445
;
3937,5223,4515,5223,4515,5420,3937,5420
;
5165,5539,5697,5453,5724,5618,5191,5703
;
1968,5460,2231,5460,2231,5670,1968,5670
;
3692,5578,4674,5460,4707,5735,3725,5854
;
4908,5460,5210,5460,5210,5748,4908,5748
;
2739,5555,3667,5475,3688,5716,2760,5796
;
2270,5486,2743,5486,2743,5683,2270,5683
4646,5499,4869,5499,4869,5683,4646,5683
;
1903,5735,2362,5735,2362,5985,1903,5985
5420,5722,5761,5722,5761,5985,5420,5985
;
3964,5914,5062,5735,5141,6222,4043,6401
;
3199,5807,4032,5743,4052,6010,3220,6074
;
2315,5779,2883,5819,2863,6103,2295,6062
;
2874,5827,3176,5827,3176,5985,2874,5985
;
5053,5827,5407,5827,5407,6011,5053,6011
;
4961,6076,5460,6076,5460,6313,4961,6313
;
1929,6103,2126,6103,2126,6313,1929,6313
2139,6103,3556,6103,3556,6326,2139,6326
3793,6103,3990,6103,3990,6326,3793,6326
4493,6113,4918,6096,4927,6312,4502,6329
;
3596,6129,3832,6129,3832,6326,3596,6326
;
5420,6142,5722,6142,5722,6391,5420,6391
;
5355,6365,5551,6365,5551,6601,5355,6601
;
4058,6394,4835,6432,4821,6728,4044,6690
;
1916,6405,2086,6405,2086,6628,1916,6628
3570,6418,3780,6418,3780,6615,3570,6615
;
2178,6418,2782,6418,2782,6680,2178,6680
;
2926,6444,3517,6444,3517,6641,2926,6641
3727,6431,4029,6431,4029,6641,3727,6641
4790,6444,5302,6444,5302,6628,4790,6628
;
3442,6838,3912,6713,3982,6978,3513,7103
;
4039,6843,5058,6760,5078,7001,4059,7084
;
1890,6772,2165,6772,2165,6930,1890,6930
;
5089,6844,5534,6780,5555,6929,5110,6992
;
2152,6798,2585,6798,2585,6930,2152,6930
;
2638,6811,3097,6811,3097,6943,2638,6943
3084,6811,3451,6811,3451,6956,3084,6956
3911,6825,3990,6825,3990,6943,3911,6943
;
4338,7075,5196,7132,5176,7422,4318,7364
;
1871,7084,2261,7120,2241,7346,1850,7310
2283,7113,2520,7113,2520,7336,2283,7336
2539,7126,2937,7086,2960,7319,2562,7358
2913,7113,3097,7113,3097,7336,2913,7336
;
3071,7126,3346,7126,3346,7336,3071,7336
3832,7113,4344,7113,4344,7350,3832,7350
;
3373,7179,3714,7179,3714,7441,3373,7441
3688,7166,3845,7166,3845,7441,3688,7441
;
2415,7415,3373,7415,3373,7717,2415,7717
4895,7455,5289,7455,5289,7665,4895,7665
;
4193,7512,4866,7489,4872,7690,4200,7713
;
1850,7520,2428,7520,2428,7665,1850,7665
;
3675,7560,3924,7560,3924,7691,3675,7691
;
3346,7573,3478,7573,3478,7704,3346,7704
;
3924,7573,4186,7573,4186,7756,3924,7756
;
2898,7796,3964,7651,4011,7994,2945,8139
;
1802,7710,2805,7754,2793,8023,1790,7979
;
4790,7831,5251,7766,5279,7966,4818,8032
;
5460,7809,5617,7809,5617,7927,5460,7927
;
3995,7814,4653,7853,4641,8056,3983,8018
;
5223,7822,5446,7822,5446,7953,5223,7953
;
