5696,105,6037,105,6037,249,5696,249
;
1050,210,1575,210,1575,446,1050,446
;
1680,249,1863,249,1863,433,1680,433
1850,262,1955,262,1955,406,1850,406
;
1053,529,1491,578,1463,833,1025,784
;
2060,603,2323,603,2323,787,2060,787
;
1693,616,2073,616,2073,800,1693,800
;
1194,1141,1509,1141,1509,1365,1194,1365
;
3818,2177,4708,2266,4684,2505,3794,2416
;
3156,2184,3630,2208,3621,2398,3146,2374
;
4790,2231,5250,2231,5250,2388,4790,2388
5250,2205,5551,2205,5551,2401,5250,2401
;
2506,2257,2808,2257,2808,2401,2506,2401
2887,2244,3097,2244,3097,2401,2887,2401
;
2205,2283,2467,2283,2467,2401,2205,2401
;
3911,2506,4593,2506,4593,2664,3911,2664
4659,2506,4921,2506,4921,2651,4659,2651
5092,2520,5683,2520,5683,2651,5092,2651
;
2049,2542,2786,2564,2781,2725,2044,2702
;
2926,2559,3241,2559,3241,2756,2926,2756
;
1627,2572,2008,2572,2008,2703,1627,2703
;
3307,2572,3622,2572,3622,2677,3307,2677
3675,2572,3858,2572,3858,2677,3675,2677
;
4685,2690,5197,2690,5197,2940,4685,2940
;
2329,2907,2780,2731,2854,2920,2403,3096
;
4795,3116,5362,2801,5506,3061,4939,3376
;
2560,3198,3270,2806,3413,3065,2703,3458
;
5394,2821,5604,2821,5604,2953,5394,2953
;
3281,2821,3543,2821,3543,2992,3281,2992
;
4200,2821,4633,2821,4633,3241,4200,3241
;
1614,2835,2165,2835,2165,3071,1614,3071
;
3556,2848,3963,2848,3963,2992,3556,2992
;
2708,2862,3039,2892,3027,3032,2695,3002
;
4410,3071,4751,3071,4751,3228,4410,3228
;
3148,3079,3801,3160,3771,3399,3119,3318
;
2139,3097,2546,3097,2546,3294,2139,3294
;
1561,3228,1981,3228,1981,3570,1561,3570
;
5236,3268,5381,3268,5381,3412,5236,3412
;
4544,3292,4940,3371,4849,3825,4453,3746
;
5328,3294,5840,3294,5840,3478,5328,3478
;
4016,3307,4173,3307,4173,3504,4016,3504
;
2571,3520,3620,3356,3691,3810,2642,3974
;
4200,3386,4396,3386,4396,3504,4200,3504
;
1592,3469,2873,3437,2882,3798,1601,3830
;
3963,3596,4252,3596,4252,3753,3963,3753
;
5210,3596,5565,3596,5565,3727,5210,3727
;
3228,3661,3609,3661,3609,3793,3228,3793
3727,3648,3871,3648,3871,3793,3727,3793
;
4231,3813,4814,3788,4822,3968,4239,3993
4844,3787,5180,3807,5170,3981,4834,3961
;
3963,3845,4200,3845,4200,4016,3963,4016
;
5053,3858,5643,3858,5643,4239,5053,4239
;
2231,3937,2454,3937,2454,4068,2231,4068
2900,3937,3255,3937,3255,4055,2900,4055
;
1601,3950,2231,3950,2231,4239,1601,4239
;
4070,4102,4979,4033,4993,4214,4084,4284
;
3657,4090,3986,4060,4006,4272,3677,4302
;
3950,4081,4134,4081,4134,4252,3950,4252
;
4489,4489,5278,4128,5442,4488,4653,4848
;
2296,4173,2651,4173,2651,4331,2296,4331
2913,4160,3176,4160,3176,4331,2913,4331
;
3360,4213,3570,4213,3570,4305,3360,4305
;
1863,4213,2231,4213,2231,4344,1863,4344
;
3770,4435,4262,4399,4272,4551,3781,4587
;
2966,4423,3281,4423,3281,4606,2966,4606
;
2730,4462,2979,4462,2979,4606,2730,4606
3294,4449,3766,4449,3766,4606,3294,4606
;
2296,4488,2677,4488,2677,4593,2296,4593
;
1798,4488,3097,4488,3097,5171,1798,5171
;
3097,4620,3465,4620,3465,4869,3097,4869
;
3451,4698,4160,4698,4160,4843,3451,4843
;
4186,4698,4567,4698,4567,5026,4186,5026
;
4994,4886,5511,4821,5543,5080,5026,5145
;
2947,4926,3420,5002,3385,5216,2912,5140
;
4554,4948,4725,4948,4725,5079,4554,5079
;
3714,4961,3976,4961,3976,5105,3714,5105
4725,4974,4935,4974,4935,5079,4725,5079
;
4042,4987,4305,4987,4305,5105,4042,5105
;
3360,5000,3701,5000,3701,5131,3360,5131
;
4431,5175,4879,5224,4861,5390,4413,5340
4961,5210,5538,5210,5538,5341,4961,5341
;
1671,5357,2296,5213,2347,5432,1722,5576
;
2716,5250,2874,5250,2874,5407,2716,5407
3727,5263,4095,5263,4095,5381,3727,5381
;
2942,5263,3390,5287,3383,5417,2935,5394
;
2375,5328,2638,5328,2638,5433,2375,5433
4160,5289,4357,5289,4357,5460,4160,5460
;
2199,6309,3341,5472,3704,5966,2562,6803
;
5368,5499,5643,5499,5643,5630,5368,5630
;
1749,5677,2454,5509,2511,5745,1806,5913
;
4357,5512,4711,5512,4711,5788,4357,5788
;
4711,5512,5263,5512,5263,5945,4711,5945
;
2703,5525,3176,5525,3176,5735,2703,5735
;
3583,5538,3871,5538,3871,5683,3583,5683
;
5099,5754,5627,5736,5633,5918,5105,5935
;
4633,5788,4725,5788,4725,5919,4633,5919
;
4908,5788,5118,5788,5118,6076,4908,6076
;
3399,5814,3727,5814,3727,6181,3399,6181
;
4383,5827,4646,5827,4646,5945,4383,5945
;
2441,5893,2769,5893,2769,6011,2441,6011
;
1942,5906,2454,5906,2454,6313,1942,6313
;
4974,5958,5223,5958,5223,6195,4974,6195
;
4095,6063,4252,6063,4252,6208,4095,6208
;
4226,6113,4867,6069,4895,6468,4254,6513
;
1732,6208,2008,6208,2008,6313,1732,6313
;
5446,6286,5670,6286,5670,6457,5446,6457
;
3793,6326,4226,6326,4226,6483,3793,6483
;
4987,6326,5460,6326,5460,6457,4987,6457
;
4803,6378,4935,6378,4935,6470,4803,6470
;
1732,6391,2165,6391,2165,6601,1732,6601
;
4633,6575,4803,6575,4803,6759,4633,6759
;
4856,6615,5525,6615,5525,6890,4856,6890
;
2788,6660,3394,6630,3403,6797,2796,6828
;
4134,6654,4344,6654,4344,6759,4134,6759
;
1575,6733,1771,6733,1771,6877,1575,6877
1835,6764,2479,6745,2482,6849,1837,6867
;
1759,7107,2423,6844,2521,7092,1857,7354
4549,6862,5365,6951,5323,7336,4508,7248
;
4357,6916,4515,6916,4515,7048,4357,7048
;
3202,6930,3491,6930,3491,7074,3202,7074
3504,6930,3924,6930,3924,7061,3504,7061
5341,6930,5643,6930,5643,7061,5341,7061
;
2559,6943,2808,6943,2808,7113,2559,7113
2782,6969,3163,6969,3163,7100,2782,7100
3950,6943,4331,6943,4331,7126,3950,7126
;
1548,7021,1719,7021,1719,7153,1548,7153
;
3360,7153,3766,7153,3766,7350,3360,7350
4515,7166,4935,7166,4935,7350,4515,7350
5184,7179,5591,7179,5591,7310,5184,7310
;
4356,7213,5126,7290,5086,7690,4316,7613
;
1968,7218,2388,7218,2388,7402,1968,7402
2835,7218,3084,7218,3084,7415,2835,7415
;
2415,7271,2769,7271,2769,7389,2415,7389
;
1535,7323,1929,7323,1929,7822,1535,7822
;
3267,7444,3960,7483,3935,7939,3241,7901
;
2021,7481,2349,7481,2349,7665,2021,7665
2405,7501,3050,7455,3063,7638,2418,7684
;
2625,7704,2940,7704,2940,7901,2625,7901
;
2966,7743,3202,7743,3202,7914,2966,7914
4751,7743,4921,7743,4921,7901,4751,7901
;
4515,7770,4698,7770,4698,7914,4515,7914
;
2055,7814,2517,7785,2525,7918,2063,7947
4147,7796,4488,7796,4488,7940,4147,7940
;
4961,7809,5171,7809,5171,7901,4961,7901
5223,7809,5565,7809,5565,7914,5223,7914
;
