788,60,907,60,907,118,788,118
;
1097,66,1155,66,1155,92,1097,92
;
1106,118,1164,118,1164,156,1106,156
;
237,128,394,134,392,184,235,178
704,137,906,133,907,175,705,180
;
432,134,577,150,571,197,427,181
;
395,144,433,144,433,176,395,176
580,150,632,150,632,176,580,176
629,147,693,147,693,182,629,182
910,147,962,147,962,182,910,182
962,147,1002,147,1002,170,962,170
1005,138,1071,138,1071,167,1005,167
;
603,193,647,193,647,222,603,222
652,182,754,182,754,225,652,225
759,193,837,193,837,222,759,222
;
843,193,962,193,962,268,843,268
;
257,199,390,199,390,239,257,239
392,199,511,199,511,242,392,242
;
514,199,595,199,595,225,514,225
956,199,1045,199,1045,234,956,234
;
629,234,693,234,693,274,629,274
701,227,857,244,852,296,695,279
;
268,245,329,245,329,274,268,274
324,249,415,242,418,283,326,290
430,242,551,242,551,280,430,280
560,242,632,242,632,288,560,288
898,239,947,239,947,265,898,265
947,242,1011,242,1011,265,947,265
1019,239,1083,239,1083,277,1019,277
;
257,283,306,283,306,326,257,326
303,288,358,288,358,320,303,320
361,280,421,280,421,323,361,323
430,280,468,280,468,320,430,320
468,288,647,288,647,329,468,329
658,291,754,291,754,317,658,317
774,288,820,288,820,317,774,317
837,294,863,294,863,314,837,314
872,292,1004,283,1007,321,875,330
1014,297,1054,297,1054,317,1014,317
;
591,341,730,322,741,396,601,415
;
262,338,314,338,314,369,262,369
314,346,332,346,332,369,314,369
335,338,430,338,430,366,335,366
436,339,512,344,510,374,434,370
511,343,537,343,537,369,511,369
537,335,595,335,595,375,537,375
745,335,826,335,826,369,745,369
835,331,931,335,929,374,833,370
942,324,1051,332,1048,380,939,372
;
254,378,286,378,286,416,254,416
294,378,340,378,340,413,294,413
338,384,366,384,366,416,338,416
369,375,485,375,485,424,369,424
485,390,540,390,540,424,485,424
543,384,583,384,583,413,543,413
632,384,676,384,676,413,632,413
681,378,762,378,762,410,681,410
777,387,843,387,843,424,777,424
849,387,895,387,895,410,849,410
892,388,1015,375,1019,411,895,423
;
538,417,723,425,718,517,534,509
938,416,1068,416,1068,522,938,522
;
242,424,320,424,320,468,242,468
326,421,430,421,430,462,326,462
768,427,846,427,846,459,768,459
852,424,941,424,941,473,852,473
;
716,430,820,430,820,508,716,508
;
485,442,531,442,531,462,485,462
658,436,730,436,730,482,658,482
;
263,455,447,471,442,527,257,510
444,465,520,465,520,525,444,525
829,479,907,479,907,505,829,505
;
528,482,572,482,572,508,528,508
907,479,970,479,970,520,907,520
;
248,525,340,525,340,574,248,574
647,525,690,525,690,557,647,557
696,520,728,520,728,557,696,557
728,525,794,525,794,574,728,574
832,511,984,523,980,573,828,562
985,525,1040,525,1040,554,985,554
;
345,534,473,527,475,568,347,576
482,531,522,531,522,557,482,557
525,531,569,531,569,560,525,560
578,535,641,530,643,566,581,570
;
800,563,967,563,967,612,800,612
;
262,569,410,569,410,615,262,615
404,577,553,567,556,615,407,625
;
970,572,1074,572,1074,600,970,600
;
556,580,730,573,733,644,559,651
;
739,574,785,574,785,600,739,600
;
261,620,346,616,347,646,263,650
358,624,418,624,418,652,358,652
418,621,491,621,491,652,418,652
492,623,561,605,572,647,503,665
627,622,752,608,758,662,632,675
762,621,806,621,806,647,762,647
837,621,886,621,886,647,837,647
889,615,1045,615,1045,655,889,655
;
309,661,346,661,346,693,309,693
354,667,637,654,639,698,356,711
;
777,690,872,690,872,745,777,745
878,684,1008,684,1008,754,878,754
;
523,705,690,696,693,754,526,763
;
920,769,1057,696,1112,799,975,873
;
179,710,286,710,286,756,179,756
312,702,364,702,364,748,312,748
355,707,453,707,453,751,355,751
693,707,782,707,782,748,693,748
;
459,719,522,719,522,756,459,756
;
268,748,349,748,349,794,268,794
346,759,427,759,427,791,346,791
439,756,499,756,499,794,439,794
742,751,927,751,927,791,742,791
;
496,762,554,762,554,800,496,800
618,762,728,762,728,803,618,803
;
457,806,571,790,578,840,464,856
677,808,844,789,849,842,683,861
;
271,800,364,800,364,834,271,834
378,803,459,803,459,834,378,834
;
572,808,621,808,621,852,572,852
843,811,892,811,892,837,843,837
;
629,814,678,814,678,886,629,886
;
274,843,343,843,343,889,274,889
338,852,494,852,494,892,338,892
505,855,629,855,629,889,505,889
682,853,741,858,739,888,680,883
739,858,774,858,774,889,739,889
771,852,893,840,897,884,775,895
904,840,964,840,964,892,904,892
;
652,901,907,901,907,1034,652,1034
;
