564,420,931,420,931,748,564,748
;
1335,521,1952,566,1937,777,1320,733
;
2126,551,2651,551,2651,879,2126,879
;
1916,577,2126,577,2126,774,1916,774
;
4571,620,5091,599,5103,902,4583,923
;
2664,630,3504,630,3504,853,2664,853
;
4318,630,4620,630,4620,840,4318,840
;
4121,656,4357,656,4357,853,4121,853
;
5512,656,6037,656,6037,800,5512,800
;
3530,669,3714,669,3714,866,3530,866
;
3766,682,4121,682,4121,1102,3766,1102
;
5197,682,5355,682,5355,800,5197,800
;
3701,761,3780,761,3780,853,3701,853
;
1407,835,2131,861,2119,1192,1395,1166
;
853,847,1344,917,1308,1167,818,1097
;
2367,868,2745,1013,2650,1262,2272,1117
;
5264,874,6050,947,6028,1187,5241,1113
;
4003,892,4436,892,4436,1115,4003,1115
4646,892,5236,892,5236,1115,4646,1115
;
2086,905,2283,905,2283,1063,2086,1063
;
682,918,840,918,840,1023,682,1023
;
2979,918,3333,918,3333,1128,2979,1128
3898,945,4029,945,4029,1102,3898,1102
;
3360,971,3780,971,3780,1115,3360,1115
4449,971,4646,971,4646,1115,4449,1115
;
2690,1014,2978,992,2992,1164,2704,1186
;
590,1128,892,1128,892,1483,590,1483
;
1903,1168,2152,1168,2152,1378,1903,1378
;
3138,1180,3586,1274,3534,1518,3087,1424
;
2848,1181,3123,1181,3123,1430,2848,1430
5149,1236,5656,1200,5668,1375,5162,1411
;
3766,1207,4173,1207,4173,1391,3766,1391
;
603,1207,1155,1207,1155,1666,603,1666
;
2546,1207,2835,1207,2835,1470,2546,1470
;
4588,1225,5012,1208,5018,1363,4594,1380
;
1575,1220,1798,1220,1798,1443,1575,1443
;
5617,1220,5880,1220,5880,1338,5617,1338
;
2113,1233,2336,1233,2336,1443,2113,1443
;
2480,1246,2585,1246,2585,1404,2480,1404
4173,1260,4370,1260,4370,1391,4173,1391
4357,1260,4606,1260,4606,1391,4357,1391
;
3556,1273,3780,1273,3780,1391,3556,1391
;
1706,1430,1942,1430,1942,1653,1706,1653
5446,1430,5814,1430,5814,1653,5446,1653
;
1354,1438,1443,1483,1349,1672,1260,1627
1903,1456,2034,1456,2034,1653,1903,1653
5079,1443,5433,1443,5433,1666,5079,1666
;
2113,1456,2388,1456,2388,1680,2113,1680
;
4305,1470,4528,1470,4528,1680,4305,1680
;
2415,1483,2769,1483,2769,1771,2415,1771
;
1474,1542,1739,1489,1769,1641,1504,1694
;
2736,1511,3424,1491,3433,1797,2744,1816
;
997,1522,1273,1522,1273,1653,997,1653
5814,1522,5985,1522,5985,1653,5814,1653
;
1391,1535,1522,1535,1522,1653,1391,1653
;
4515,1535,4843,1535,4843,1680,4515,1680
;
4606,1535,4987,1535,4987,2021,4606,2021
;
3438,1561,3596,1561,3596,1693,3438,1693
;
3609,1561,3793,1561,3793,1680,3609,1680
;
3780,1561,4121,1561,4121,1693,3780,1693
;
1456,1663,2161,1749,2122,2064,1418,1978
;
1050,1719,1365,1719,1365,1981,1050,1981
5407,1758,5696,1758,5696,1942,5407,1942
;
4961,1771,5158,1771,5158,1968,4961,1968
;
3556,1785,4108,1785,4108,1995,3556,1995
;
4396,1785,4633,1785,4633,1968,4396,1968
;
603,1785,1063,1785,1063,2047,603,2047
;
2100,1811,2388,1811,2388,2008,2100,2008
5197,1811,5407,1811,5407,2008,5197,2008
;
4097,1866,4344,1846,4356,1992,4109,2013
;
2375,1850,2520,1850,2520,2047,2375,2047
;
2533,1876,2966,1876,2966,2008,2533,2008
;
3176,1876,3530,1876,3530,2060,3176,2060
;
2992,1890,3189,1890,3189,2021,2992,2021
;
5415,1958,5525,1994,5441,2246,5331,2210
;
3917,2020,4324,2052,4304,2302,3897,2269
5464,2017,6054,2110,6022,2311,5432,2218
;
971,2060,1378,2060,1378,2283,971,2283
2743,2047,3123,2047,3123,2296,2743,2296
;
1338,2060,1627,2060,1627,2323,1338,2323
;
4318,2073,4554,2073,4554,2257,4318,2257
;
2113,2073,2625,2073,2625,2323,2113,2323
;
3097,2073,3360,2073,3360,2296,3097,2296
;
4633,2086,4777,2086,4777,2231,4633,2231
;
1640,2100,1955,2100,1955,2323,1640,2323
;
3425,2100,3793,2100,3793,2310,3425,2310
;
5040,2113,5236,2113,5236,2231,5040,2231
5223,2126,5276,2126,5276,2218,5223,2218
;
4803,2126,5040,2126,5040,2231,4803,2231
;
564,2139,997,2139,997,2388,564,2388
;
2585,2165,2730,2165,2730,2310,2585,2310
;
3346,2178,3425,2178,3425,2310,3346,2310
;
2401,2323,2808,2323,2808,2598,2401,2598
;
4751,2336,4882,2336,4882,2506,4751,2506
;
4935,2336,5460,2336,5460,2533,4935,2533
;
4528,2349,4764,2349,4764,2533,4528,2533
;
5433,2349,5578,2349,5578,2520,5433,2520
;
3553,2427,3908,2361,3946,2561,3590,2627
;
5565,2362,6011,2362,6011,2533,5565,2533
;
1981,2375,2415,2375,2415,2598,1981,2598
;
3412,2375,3622,2375,3622,2585,3412,2585
;
3058,2375,3373,2375,3373,2703,3058,2703
;
735,2388,1023,2388,1023,2585,735,2585
997,2388,1456,2388,1456,2585,997,2585
;
4173,2388,4396,2388,4396,2611,4173,2611
;
4357,2388,4501,2388,4501,2598,4357,2598
;
3858,2401,4213,2401,4213,2638,3858,2638
;
564,2415,735,2415,735,2651,564,2651
;
2848,2415,3084,2415,3084,2585,2848,2585
;
1509,2441,1955,2441,1955,2585,1509,2585
;
5040,2585,5407,2585,5407,2821,5040,2821
;
4895,2625,5053,2625,5053,2808,4895,2808
;
1213,2626,1786,2680,1753,3031,1180,2976
;
5446,2638,5538,2638,5538,2795,5446,2795
;
4423,2638,4672,2638,4672,2821,4423,2821
;
5499,2638,6024,2638,6024,2795,5499,2795
;
826,2664,1246,2664,1246,2887,826,2887
1745,2664,2113,2664,2113,2887,1745,2887
;
4646,2664,4908,2664,4908,2808,4646,2808
;
2795,2690,3110,2690,3110,2900,2795,2900
;
3136,2690,3412,2690,3412,2887,3136,2887
;
3705,2721,4343,2694,4355,2965,3716,2992
;
3543,2716,3714,2716,3714,2861,3543,2861
;
2703,2730,2808,2730,2808,2887,2703,2887
;
603,2730,826,2730,826,2874,603,2874
;
3386,2743,3517,2743,3517,2913,3386,2913
;
4856,2843,5342,2959,5280,3216,4794,3100
;
546,2960,1060,2921,1079,3170,565,3210
;
5394,2940,5591,2940,5591,3045,5394,3045
;
5315,2953,5407,2953,5407,3123,5315,3123
;
1903,2953,2310,2953,2310,3176,1903,3176
;
4331,2953,4738,2953,4738,3123,4331,3123
;
4725,2966,4816,2966,4816,3071,4725,3071
;
1588,2966,1850,2966,1850,3189,1588,3189
;
2218,2966,2480,2966,2480,3176,2218,3176
;
2699,3038,3264,2983,3284,3185,2719,3239
;
1824,2992,1903,2992,1903,3163,1824,3163
;
2454,2992,2756,2992,2756,3202,2454,3202
;
4173,2992,4331,2992,4331,3176,4173,3176
;
3746,3033,4054,3014,4062,3147,3754,3167
;
1036,3031,1260,3031,1260,3176,1036,3176
;
1246,3045,1561,3045,1561,3176,1246,3176
;
3294,3058,3399,3058,3399,3215,3294,3215
;
5341,3176,5473,3176,5473,3346,5341,3346
;
4488,3202,5223,3202,5223,3373,4488,3373
;
5433,3202,5748,3202,5748,3412,5433,3412
;
3937,3215,4121,3215,4121,3425,3937,3425
;
2778,3244,3356,3293,3339,3498,2761,3450
;
2100,3268,2283,3268,2283,3438,2100,3438
;
4068,3268,4370,3268,4370,3530,4068,3530
;
4344,3268,4501,3268,4501,3386,4344,3386
;
3574,3305,3895,3282,3905,3422,3584,3445
;
677,3322,1403,3298,1408,3456,682,3480
;
1803,3336,2085,3314,2099,3492,1817,3514
;
1391,3320,1614,3320,1614,3438,1391,3438
;
1627,3333,1745,3333,1745,3438,1627,3438
2310,3320,2546,3320,2546,3451,2310,3451
3320,3320,3556,3320,3556,3451,3320,3451
;
2533,3333,2730,3333,2730,3465,2533,3465
;
577,3346,708,3346,708,3570,577,3570
;
2715,3471,3274,3441,3289,3718,2730,3748
3281,3491,3425,3491,3425,3701,3281,3701
5347,3527,6014,3416,6053,3654,5387,3765
;
3573,3591,4001,3492,4050,3705,3623,3804
;
4388,3543,4671,3523,4679,3647,4397,3667
;
590,3530,1063,3530,1063,3753,590,3753
1036,3530,1365,3530,1365,3753,1036,3753
2113,3530,2467,3530,2467,3753,2113,3753
;
3425,3530,3583,3530,3583,3701,3425,3701
4830,3530,5013,3530,5013,3701,4830,3701
;
5013,3530,5276,3530,5276,3648,5013,3648
;
1351,3556,1693,3556,1693,3766,1351,3766
;
4134,3556,4370,3556,4370,3675,4134,3675
;
2467,3596,2638,3596,2638,3727,2467,3727
;
1683,3625,2019,3597,2030,3732,1694,3760
;
2008,3622,2113,3622,2113,3780,2008,3780
;
3780,3701,4160,3701,4160,3976,3780,3976
;
4160,3714,4515,3714,4515,3950,4160,3950
4501,3727,4948,3727,4948,3937,4501,3937
;
5289,3753,5656,3753,5656,3885,5289,3885
;
3661,3766,3766,3766,3766,3963,3661,3963
;
3176,3780,3609,3780,3609,4003,3176,4003
;
4935,3780,5118,3780,5118,3911,4935,3911
;
2283,3793,2585,3793,2585,4042,2283,4042
2559,3806,2782,3806,2782,4029,2559,4029
2821,3819,3189,3819,3189,4016,2821,4016
;
1357,3846,2071,3821,2078,4039,1365,4064
2086,3832,2349,3832,2349,4042,2086,4042
;
603,3832,866,3832,866,4081,603,4081
853,3845,1365,3845,1365,4068,853,4068
;
5682,4047,6032,4003,6051,4152,5700,4196
;
4278,4016,4974,4016,4974,4226,4278,4226
;
3332,4083,3987,4035,4003,4247,3348,4296
;
5232,4070,5681,4051,5689,4233,5239,4252
;
2703,4081,2861,4081,2861,4305,2703,4305
;
4016,4081,4213,4081,4213,4291,4016,4291
;
4948,4081,5236,4081,5236,4278,4948,4278
;
1516,4210,2002,4102,2057,4350,1571,4458
;
786,4156,1542,4105,1558,4339,801,4389
;
3937,4108,4029,4108,4029,4252,3937,4252
;
2008,4108,2257,4108,2257,4331,2008,4331
;
2835,4108,3268,4108,3268,4278,2835,4278
;
2231,4147,2638,4147,2638,4331,2231,4331
;
3268,4173,3333,4173,3333,4265,3268,4265
;
603,4239,800,4239,800,4370,603,4370
;
5775,4265,5998,4265,5998,4436,5775,4436
;
5298,4319,5748,4302,5753,4437,5303,4454
;
4344,4305,4856,4305,4856,4501,4344,4501
;
3354,4440,3784,4311,3847,4522,3417,4651
;
3780,4370,4160,4370,4160,4541,3780,4541
4827,4380,5272,4316,5301,4524,4857,4587
;
3150,4396,3399,4396,3399,4659,3150,4659
;
2786,4425,3148,4401,3158,4552,2796,4576
;
2364,4473,2777,4414,2803,4594,2389,4653
;
1095,4532,1513,4416,1564,4599,1146,4715
2047,4449,2388,4449,2388,4685,2047,4685
;
1548,4462,1916,4462,1916,4606,1548,4606
;
590,4528,708,4528,708,4659,590,4659
813,4501,1155,4501,1155,4685,813,4685
;
695,4541,787,4541,787,4659,695,4659
;
5420,4541,5814,4541,5814,4725,5420,4725
;
4777,4554,5066,4554,5066,4738,4777,4738
5801,4554,5998,4554,5998,4738,5801,4738
;
4264,4635,4771,4585,4789,4765,4282,4816
;
5236,4620,5433,4620,5433,4738,5236,4738
;
5158,4633,5250,4633,5250,4777,5158,4777
;
2405,4679,3145,4642,3155,4850,2415,4886
;
4200,4646,4291,4646,4291,4777,4200,4777
;
3701,4646,3911,4646,3911,4830,3701,4830
3885,4672,4121,4672,4121,4803,3885,4803
;
3438,4711,3609,4711,3609,4830,3438,4830
;
3110,4725,3281,4725,3281,4843,3110,4843
3333,4738,3425,4738,3425,4830,3333,4830
;
1890,4751,2323,4751,2323,4974,1890,4974
;
1312,4751,1785,4751,1785,5223,1312,5223
;
2310,4764,2375,4764,2375,4869,2310,4869
;
616,4764,826,4764,826,4961,616,4961
;
1706,4764,1890,4764,1890,4895,1706,4895
;
813,4764,1351,4764,1351,5223,813,5223
;
5047,4813,5955,4774,5963,4974,5055,5013
;
1220,4790,1417,4790,1417,4921,1220,4921
;
4108,4840,4851,4798,4864,5029,4121,5070
;
4843,4882,5040,4882,5040,5053,4843,5053
;
3140,4918,3671,4890,3683,5103,3151,5131
;
3701,4921,4042,4921,4042,5079,3701,5079
;
1896,5061,2394,4983,2419,5138,1921,5217
;
2900,4987,3071,4987,3071,5118,2900,5118
3084,5000,3150,5000,3150,5105,3084,5105
;
2585,5000,2887,5000,2887,5131,2585,5131
;
2415,5013,2546,5013,2546,5131,2415,5131
;
590,5013,905,5013,905,5250,590,5250
;
1693,5040,1798,5040,1798,5171,1693,5171
;
5486,5053,5735,5053,5735,5263,5486,5263
;
5263,5066,5460,5066,5460,5263,5263,5263
;
5079,5092,5289,5092,5289,5276,5079,5276
;
5722,5105,5971,5105,5971,5276,5722,5276
;
4095,5131,4252,5131,4252,5328,4095,5328
;
4738,5175,5077,5137,5092,5273,4753,5310
;
2751,5145,3219,5214,3179,5487,2710,5417
;
3140,5259,3790,5160,3817,5339,3167,5437
;
4265,5184,4659,5184,4659,5315,4265,5315
;
1539,5225,1955,5203,1969,5471,1553,5492
;
2533,5210,2730,5210,2730,5433,2533,5433
;
3832,5210,4068,5210,4068,5341,3832,5341
;
1286,5250,1561,5250,1561,5486,1286,5486
;
590,5346,1266,5292,1283,5513,608,5566
;
1968,5302,2296,5302,2296,5473,1968,5473
;
2296,5302,2506,5302,2506,5446,2296,5446
;
5683,5315,5998,5315,5998,5512,5683,5512
;
4980,5375,5667,5332,5677,5483,4990,5526
;
4650,5430,4992,5373,5016,5518,4674,5575
;
3687,5505,4172,5395,4216,5589,3731,5700
;
4134,5420,4383,5420,4383,5604,4134,5604
;
3123,5525,3648,5525,3648,5670,3123,5670
;
3622,5525,3727,5525,3727,5643,3622,5643
;
2900,5554,3135,5532,3148,5680,2914,5702
;
1858,5632,2424,5533,2473,5813,1906,5911
;
1287,5574,1933,5593,1924,5904,1278,5885
;
2743,5578,2913,5578,2913,5696,2743,5696
;
2442,5608,2716,5585,2728,5731,2454,5754
;
5210,5604,5656,5604,5656,5840,5210,5840
;
4856,5617,5223,5617,5223,5919,4856,5919
;
1010,5630,1194,5630,1194,5801,1010,5801
;
551,5643,1010,5643,1010,5893,551,5893
;
4462,5656,4843,5656,4843,5893,4462,5893
;
1233,5670,1312,5670,1312,5775,1233,5775
;
4164,5756,4447,5727,4460,5861,4177,5890
;
2231,5735,2769,5735,2769,6090,2231,6090
;
3496,5747,3843,5791,3817,5996,3470,5952
;
3819,5761,4173,5761,4173,5932,3819,5932
;
3000,5815,3487,5771,3510,6021,3023,6065
;
2756,5801,3084,5801,3084,6050,2756,6050
;
469,6102,917,5811,1045,6007,597,6298
;
1811,5866,1968,5866,1968,6037,1811,6037
;
1640,5880,1850,5880,1850,6050,1640,6050
;
918,5893,1050,5893,1050,6076,918,6076
;
1981,5893,2231,5893,2231,6050,1981,6050
;
1470,5932,1640,5932,1640,6063,1470,6063
;
4965,5969,5536,5943,5545,6149,4974,6175
;
1050,5945,1456,5945,1456,6076,1050,6076
;
3806,5958,3963,5958,3963,6208,3806,6208
;
4003,5998,4633,5998,4633,6221,4003,6221
;
4633,6011,4974,6011,4974,6155,4633,6155
;
2934,6117,3542,6086,3548,6216,2940,6246
3570,6116,3806,6116,3806,6208,3570,6208
;
2572,6129,2913,6129,2913,6273,2572,6273
;
1874,6173,2570,6130,2586,6378,1890,6422
;
1443,6142,1942,6142,1942,6365,1443,6365
;
866,6142,1128,6142,1128,6378,866,6378
;
590,6168,892,6168,892,6391,590,6391
;
1128,6195,1338,6195,1338,6391,1128,6391
;
4634,6360,5164,6254,5214,6503,4684,6609
;
5158,6273,5499,6273,5499,6510,5158,6510
;
3344,6301,4198,6284,4203,6527,3349,6544
;
4186,6313,4291,6313,4291,6483,4186,6483
;
2953,6313,3320,6313,3320,6549,2953,6549
;
2454,6432,2963,6338,3000,6536,2490,6630
;
4318,6365,4580,6365,4580,6562,4318,6562
;
1367,6418,1875,6531,1801,6860,1294,6748
;
724,6485,1255,6461,1266,6686,735,6710
;
2008,6483,2296,6483,2296,6615,2008,6615
;
3056,6620,4088,6556,4110,6905,3078,6969
;
433,6562,984,6562,984,7061,433,7061
;
4580,6641,4698,6641,4698,6785,4580,6785
5056,6683,5536,6640,5545,6746,5066,6790
;
4095,6680,4331,6680,4331,6798,4095,6798
;
2023,6718,2396,6699,2407,6915,2034,6933
2370,6768,2883,6704,2903,6863,2390,6928
;
1903,6733,1997,6764,1937,6945,1842,6914
;
958,6825,1155,6825,1155,7021,958,7021
;
1338,6838,1666,6838,1666,6956,1338,6956
;
1155,6851,1325,6851,1325,6982,1155,6982
;
3590,6970,4649,6869,4670,7088,3611,7189
;
4606,6916,4948,6916,4948,7061,4606,7061
;
3170,6935,3473,6986,3435,7211,3133,7161
;
1933,7054,2754,7010,2763,7191,1943,7235
;
2743,7021,3150,7021,3150,7192,2743,7192
;
3451,7035,3609,7035,3609,7140,3451,7140
;
1132,7110,1782,7072,1793,7256,1143,7294
;
590,7074,866,7074,866,7310,590,7310
;
1771,7113,1916,7113,1916,7231,1771,7231
;
958,7153,1089,7153,1089,7284,958,7284
;
826,7166,905,7166,905,7284,826,7284
;
2703,7271,2953,7271,2953,7455,2703,7455
;
1732,7310,2283,7310,2283,7520,1732,7520
;
1207,7323,1483,7323,1483,7546,1207,7546
;
588,7372,997,7343,1013,7576,605,7605
;
2270,7350,2690,7350,2690,7533,2270,7533
;
1430,7363,1758,7363,1758,7533,1430,7533
;
