357,53,487,83,475,134,346,104
;
214,150,295,150,295,188,214,188
358,150,402,150,402,176,358,176
408,137,494,142,491,187,406,182
493,142,621,153,617,205,488,194
616,153,674,153,674,179,616,179
682,150,778,150,778,188,682,188
783,154,961,138,965,178,787,195
966,147,1001,147,1001,176,966,176
988,150,1137,125,1147,182,998,207
;
205,205,257,205,257,222,205,222
257,202,303,202,303,225,257,225
358,199,402,199,402,225,358,225
408,193,468,193,468,228,408,228
467,203,599,186,604,225,472,241
610,193,723,193,723,243,610,243
740,193,789,193,789,225,740,225
784,199,891,199,891,243,784,243
905,202,972,202,972,228,905,228
975,199,1001,199,1001,234,975,234
1001,193,1157,193,1157,245,1001,245
;
345,243,439,238,441,280,347,284
440,244,608,248,607,278,439,274
616,248,697,248,697,274,616,274
706,243,749,243,749,274,706,274
755,248,804,248,804,277,755,277
804,248,952,252,951,292,803,288
955,246,1006,252,1002,279,952,274
1011,254,1070,251,1071,271,1013,275
1076,248,1140,248,1140,286,1076,286
;
98,253,282,271,276,327,93,309
;
359,284,488,295,484,343,355,332
489,301,615,291,618,327,492,337
625,295,697,295,697,324,625,324
708,289,766,289,766,318,708,318
769,295,882,295,882,321,769,321
894,295,926,295,926,321,894,321
928,292,1036,279,1042,332,934,345
1041,292,1154,292,1154,326,1041,326
;
75,324,150,324,150,376,75,376
345,338,403,333,406,367,348,372
894,338,946,338,946,370,894,370
998,338,1041,338,1041,367,998,367
1041,332,1140,332,1140,370,1041,370
;
217,347,300,347,300,373,217,373
306,344,350,344,350,367,306,367
410,350,503,350,503,373,410,373
512,341,685,341,685,381,512,381
691,341,737,341,737,367,691,367
740,344,766,344,766,367,740,367
772,347,839,347,839,367,772,367
844,341,894,341,894,367,844,367
946,347,992,347,992,367,946,367
;
346,401,468,375,479,423,356,449
601,395,708,375,715,413,608,433
940,384,1070,384,1070,431,940,431
;
491,399,523,399,523,425,491,425
529,390,604,390,604,425,529,425
717,387,868,387,868,416,717,416
871,387,940,387,940,416,871,416
1073,384,1151,384,1151,413,1073,413
;
637,436,870,409,880,503,648,529
;
234,439,269,439,269,457,234,457
355,436,448,436,448,471,355,471
457,436,561,436,561,465,457,465
570,436,685,436,685,465,570,465
879,442,934,442,934,477,879,477
936,429,1029,442,1024,476,931,462
1017,437,1145,433,1146,475,1018,479
;
914,477,1030,477,1030,509,914,509
1035,468,1154,468,1154,509,1035,509
;
454,480,645,480,645,520,454,520
798,486,908,486,908,526,798,526
;
344,486,477,486,477,570,344,570
;
245,535,298,535,298,555,245,555
474,526,642,526,642,567,474,567
651,538,706,538,706,570,651,570
708,532,746,532,746,567,708,567
752,535,865,535,865,572,752,572
865,532,902,532,902,561,865,561
902,535,975,535,975,575,902,575
989,535,1062,535,1062,561,989,561
1067,532,1140,532,1140,567,1067,567
;
272,578,355,578,355,610,272,610
353,575,442,575,442,607,353,607
451,584,489,584,489,601,451,601
495,568,750,583,748,619,493,604
758,584,902,584,902,619,758,619
907,574,1099,569,1100,614,908,619
1099,572,1143,572,1143,604,1099,604
;
439,616,526,616,526,648,439,648
1021,609,1155,613,1154,651,1020,648
;
254,623,348,627,347,652,253,648
355,619,431,619,431,659,355,659
529,625,622,625,622,653,529,653
625,627,697,627,697,653,625,653
703,627,789,627,789,653,703,653
797,626,1009,618,1011,660,799,669
;
301,674,338,669,340,691,304,695
361,668,416,668,416,706,361,706
413,668,500,668,500,697,413,697
509,671,581,671,581,700,509,700
587,677,656,677,656,708,587,708
671,665,714,665,714,700,671,700
711,668,795,668,795,700,711,700
807,675,886,680,885,703,806,698
;
341,708,431,708,431,740,341,740
439,708,529,708,529,743,439,743
685,706,778,706,778,743,685,743
789,708,862,708,862,743,789,743
865,706,992,706,992,746,865,746
1105,700,1183,700,1183,746,1105,746
;
298,720,338,720,338,740,298,740
535,720,587,720,587,755,535,755
590,717,625,717,625,743,590,743
993,718,1096,712,1098,752,995,759
;
277,749,312,749,312,778,277,778
;
75,755,196,755,196,807,75,807
369,749,511,766,506,812,363,795
503,761,610,761,610,792,503,792
622,766,665,766,665,789,622,789
668,766,726,766,726,801,668,801
726,761,807,761,807,807,726,807
810,766,850,766,850,787,810,787
847,758,905,758,905,798,847,798
905,769,966,769,966,789,905,789
975,756,1060,763,1058,794,973,786
1059,766,1169,766,1169,792,1059,792
;
231,801,306,801,306,853,231,853
347,797,493,802,491,853,345,848
503,810,587,810,587,844,503,844
589,810,752,805,753,837,590,841
755,803,955,810,954,850,754,843
963,807,1067,807,1067,842,963,842
1082,804,1169,804,1169,839,1082,839
;
75,812,230,819,228,868,73,862
;
343,848,537,840,539,880,345,888
535,850,622,850,622,888,535,888
629,850,702,846,704,876,631,880
700,856,729,856,729,894,700,894
726,850,818,850,818,891,726,891
818,850,871,850,871,879,818,879
873,859,923,859,923,879,873,879
926,859,952,859,952,891,926,891
949,854,1017,847,1020,875,952,882
1005,857,1065,834,1079,873,1020,896
1073,847,1151,847,1151,885,1073,885
;
358,894,425,894,425,923,358,923
428,899,506,899,506,934,428,934
509,899,570,899,570,926,509,926
587,897,755,897,755,925,587,925
766,902,824,902,824,937,766,937
824,897,865,897,865,928,824,928
871,905,908,905,908,926,871,926
911,897,943,897,943,928,911,928
937,899,1021,899,1021,937,937,937
1030,888,1193,896,1191,935,1028,928
;
364,952,410,952,410,972,364,972
410,937,491,937,491,972,410,972
489,943,523,943,523,969,489,969
520,940,596,940,596,972,520,972
607,949,717,949,717,978,607,978
723,943,830,943,830,975,723,975
836,952,873,952,873,975,836,975
873,946,1079,946,1079,983,873,983
1088,949,1143,949,1143,980,1088,980
;
362,987,473,1002,469,1029,359,1015
474,992,506,992,506,1018,474,1018
503,995,558,995,558,1021,503,1021
573,990,695,996,693,1036,571,1030
691,989,833,989,833,1021,691,1021
839,995,1044,995,1044,1027,839,1027
1042,998,1090,993,1093,1020,1045,1025
1091,1000,1166,1004,1165,1023,1090,1019
;
353,1033,509,1033,509,1079,353,1079
517,1044,572,1044,572,1079,517,1079
572,1044,590,1044,590,1067,572,1067
600,1047,734,1044,735,1082,602,1086
743,1047,821,1047,821,1073,743,1073
830,1044,899,1044,899,1085,830,1085
899,1041,963,1041,963,1067,899,1067
969,1041,1018,1041,1018,1070,969,1070
1021,1043,1149,1047,1148,1075,1020,1071
;
350,1085,442,1085,442,1114,350,1114
442,1088,517,1088,517,1114,442,1114
535,1085,561,1085,561,1116,535,1116
651,1088,740,1088,740,1116,651,1116
885,1082,905,1082,905,1114,885,1114
914,1088,1024,1088,1024,1119,914,1119
1038,1085,1143,1085,1143,1116,1038,1116
;
753,1088,889,1096,887,1136,750,1128
;
315,1090,350,1090,350,1108,315,1108
570,1093,610,1093,610,1119,570,1119
616,1096,651,1096,651,1116,616,1116
1024,1093,1041,1093,1041,1114,1024,1114
;
202,1134,272,1134,272,1160,202,1160
272,1137,303,1137,303,1160,272,1160
364,1125,436,1125,436,1160,364,1160
439,1122,486,1122,486,1160,439,1160
476,1135,602,1121,608,1169,481,1183
601,1131,653,1131,653,1160,601,1160
662,1140,717,1140,717,1177,662,1177
720,1140,737,1140,737,1166,720,1166
744,1141,863,1131,867,1170,748,1180
857,1136,986,1115,993,1159,865,1180
989,1125,1151,1125,1151,1163,989,1163
;
199,1186,358,1186,358,1215,199,1215
358,1180,399,1180,399,1209,358,1209
408,1180,503,1180,503,1209,408,1209
506,1186,541,1186,541,1209,506,1209
552,1186,616,1186,616,1209,552,1209
625,1183,677,1183,677,1215,625,1215
682,1177,717,1177,717,1215,682,1215
729,1180,891,1183,890,1216,728,1213
888,1180,969,1180,969,1218,888,1218
976,1175,1151,1168,1152,1206,978,1213
;
205,1221,279,1212,283,1252,210,1260
295,1227,360,1234,358,1256,293,1249
358,1224,402,1224,402,1255,358,1255
405,1229,509,1229,509,1267,405,1267
525,1230,688,1222,690,1260,526,1268
703,1232,758,1232,758,1267,703,1267
752,1226,827,1226,827,1264,752,1264
827,1226,946,1226,946,1264,827,1264
951,1229,1183,1222,1184,1257,952,1264
;
217,1279,272,1279,272,1296,217,1296
277,1274,328,1280,326,1302,275,1297
353,1279,393,1279,393,1299,353,1299
387,1273,544,1273,544,1316,387,1316
544,1281,581,1281,581,1302,544,1302
587,1276,653,1276,653,1299,587,1299
662,1270,682,1270,682,1299,662,1299
682,1279,749,1279,749,1299,682,1299
755,1279,784,1279,784,1296,755,1296
801,1279,865,1279,865,1299,801,1299
865,1264,1004,1264,1004,1305,865,1305
1021,1270,1090,1270,1090,1299,1021,1299
1089,1276,1163,1272,1165,1307,1091,1311
;
593,1310,691,1310,691,1348,593,1348
871,1307,905,1307,905,1348,871,1348
;
353,1316,587,1316,587,1360,353,1360
691,1328,755,1328,755,1348,691,1348
769,1319,847,1319,847,1348,769,1348
839,1322,871,1322,871,1362,839,1362
908,1311,984,1323,977,1368,901,1356
989,1325,1027,1325,1027,1345,989,1345
1038,1313,1174,1313,1174,1345,1038,1345
;
355,1365,439,1365,439,1397,355,1397
442,1365,474,1365,474,1397,442,1397
474,1362,587,1362,587,1409,474,1409
601,1357,642,1357,642,1400,601,1400
636,1368,808,1354,811,1394,639,1407
1018,1360,1154,1360,1154,1406,1018,1406
;
816,1371,868,1371,868,1406,816,1406
873,1371,891,1371,891,1394,873,1394
905,1368,1007,1368,1007,1417,905,1417
;
355,1415,425,1415,425,1443,355,1443
439,1409,471,1409,471,1443,439,1443
480,1423,546,1423,546,1443,480,1443
552,1423,584,1423,584,1441,552,1441
590,1417,648,1417,648,1441,590,1441
648,1412,685,1412,685,1446,648,1446
697,1412,824,1412,824,1452,697,1452
824,1409,966,1409,966,1452,824,1452
975,1412,1009,1412,1009,1438,975,1438
1014,1415,1142,1408,1144,1443,1016,1450
;
356,1453,504,1461,502,1495,354,1487
581,1458,625,1458,625,1501,581,1501
620,1464,691,1460,693,1487,622,1492
697,1464,778,1464,778,1487,697,1487
777,1464,904,1450,908,1489,781,1503
978,1461,995,1461,995,1484,978,1484
992,1452,1059,1452,1059,1501,992,1501
1062,1452,1151,1452,1151,1498,1062,1498
;
911,1464,1004,1464,1004,1539,911,1539
;
512,1467,578,1467,578,1487,512,1487
;
358,1498,500,1498,500,1539,358,1539
500,1498,677,1498,677,1533,500,1533
691,1507,743,1507,743,1530,691,1530
749,1504,821,1504,821,1545,749,1545
824,1504,899,1504,899,1556,824,1556
1004,1501,1166,1501,1166,1542,1004,1542
;
419,1542,523,1542,523,1582,419,1582
771,1548,942,1543,943,1578,772,1583
;
358,1556,413,1556,413,1588,358,1588
512,1548,706,1548,706,1600,512,1600
708,1548,775,1548,775,1600,708,1600
;
532,1600,607,1600,607,1626,532,1626
735,1582,836,1582,836,1623,735,1623
911,1591,963,1591,963,1620,911,1620
964,1592,1029,1597,1026,1625,961,1620
1035,1600,1073,1600,1073,1620,1035,1620
1070,1591,1163,1591,1163,1620,1070,1620
;
410,1603,454,1603,454,1623,410,1623
454,1603,532,1603,532,1623,454,1623
613,1603,677,1603,677,1640,613,1640
677,1600,732,1600,732,1632,677,1632
862,1600,908,1600,908,1643,862,1643
;
