342,67,418,72,415,120,339,114
;
162,147,232,142,234,172,164,176
232,152,275,152,275,175,232,175
272,152,327,152,327,186,272,186
333,136,535,143,534,182,332,175
543,148,658,152,657,188,542,185
666,146,930,146,930,181,666,181
;
197,204,476,197,477,233,198,239
484,189,580,185,581,223,485,227
594,195,635,195,635,224,594,224
643,206,724,206,724,227,643,227
729,201,841,201,841,238,729,238
847,201,913,201,913,227,847,227
912,204,982,199,984,238,915,242
;
155,247,221,247,221,281,155,281
227,249,272,249,272,270,227,270
272,247,339,247,339,272,272,272
342,235,441,241,439,277,340,271
445,252,537,229,549,277,458,300
551,241,609,241,609,275,551,275
617,247,675,247,675,284,617,284
684,245,808,250,806,286,682,282
821,252,976,249,977,288,822,292
;
175,289,377,299,375,334,174,324
376,298,405,298,405,318,376,318
416,293,476,293,476,321,416,321
485,295,580,295,580,321,485,321
589,288,773,296,772,335,587,328
772,284,810,284,810,321,772,321
821,290,876,290,876,321,821,321
879,295,939,295,939,321,879,321
;
193,345,298,338,300,373,196,380
302,343,403,334,407,372,306,381
413,339,497,339,497,373,413,373
509,330,708,339,706,384,507,375
701,344,801,344,801,376,701,376
810,341,905,341,905,370,810,370
908,341,976,341,976,376,908,376
;
169,379,215,379,215,413,169,413
221,382,343,391,341,426,219,417
344,393,390,393,390,413,344,413
393,393,462,393,462,428,393,428
474,382,557,382,557,413,474,413
566,393,609,393,609,416,566,416
606,390,640,390,640,413,606,413
652,387,698,387,698,413,652,413
695,393,752,393,752,425,695,425
758,390,827,390,827,419,758,419
824,390,867,390,867,416,824,416
869,383,953,373,957,409,874,419
;
175,440,385,406,400,501,190,535
;
392,424,577,440,573,480,388,464
585,430,700,426,701,465,586,469
709,445,755,445,755,465,709,465
804,436,893,436,893,465,804,465
923,422,1036,430,1033,472,920,465
1028,434,1131,423,1135,459,1032,470
;
270,485,333,485,333,517,270,517
333,482,410,482,410,508,333,508
421,483,659,468,662,515,423,530
663,485,712,485,712,511,663,511
728,461,867,482,858,542,719,521
842,465,961,471,959,517,839,511
;
206,537,252,537,252,557,206,557
257,529,407,518,410,562,260,573
418,519,520,539,510,590,408,570
511,525,543,525,543,560,511,560
548,537,594,537,594,560,548,560
600,540,658,540,658,571,600,571
669,534,758,534,758,563,669,563
767,530,895,537,892,575,765,568
905,528,997,528,997,580,905,580
;
166,577,270,577,270,606,166,606
271,581,441,569,444,614,274,626
457,581,501,586,499,607,455,602
514,583,643,583,643,609,514,609
643,586,681,586,681,606,643,606
686,574,839,574,839,623,686,623
830,571,985,571,985,620,830,620
;
599,612,934,620,932,715,596,707
;
198,620,350,620,350,660,198,660
356,626,405,626,405,652,356,652
408,619,481,623,479,653,406,648
490,614,611,627,606,676,484,663
614,617,672,617,672,658,614,658
930,623,982,623,982,652,930,652
;
954,664,1068,717,1037,783,923,730
;
142,749,318,684,354,780,177,845
;
376,695,551,695,551,752,376,752
568,709,715,709,715,761,568,761
718,724,778,724,778,758,718,758
790,709,942,709,942,761,790,761
;
317,743,625,764,622,813,314,792
623,761,675,761,675,793,623,793
683,765,801,760,802,792,684,797
809,758,971,755,971,792,810,796
;
994,793,1065,799,1062,835,992,830
;
351,796,617,815,614,863,348,844
619,810,867,803,868,850,621,857
876,801,974,801,974,836,876,836
;
249,844,347,844,347,905,249,905
351,834,510,863,500,918,341,889
505,864,563,864,563,887,505,887
566,859,606,859,606,887,566,887
612,862,738,862,738,890,612,890
749,856,913,856,913,893,749,893
913,859,956,859,956,887,913,887
;
347,885,608,945,584,1049,323,989
;
491,905,586,905,586,956,491,956
;
678,933,724,933,724,976,678,976
;
977,989,1053,998,1050,1022,974,1014
1083,991,1132,991,1132,1017,1083,1017
;
1189,1022,1215,1022,1215,1097,1189,1097
;
1166,1123,1212,1123,1212,1212,1166,1212
;
451,1180,497,1180,497,1198,451,1198
;
1160,1238,1215,1238,1215,1301,1160,1301
;
344,1462,425,1462,425,1485,344,1485
764,1462,816,1462,816,1479,764,1479
;
614,1497,709,1497,709,1531,614,1531
;
678,1557,735,1557,735,1586,678,1586
752,1560,830,1560,830,1583,752,1583
;
772,1603,813,1603,813,1623,772,1623
;
