341,70,458,54,467,118,351,135
;
648,139,674,139,674,159,648,159
;
445,146,603,139,605,176,447,183
;
366,154,421,154,421,197,366,197
415,148,453,148,453,180,415,180
627,157,757,144,760,180,631,193
768,160,877,151,880,191,771,199
886,147,1041,154,1039,197,884,190
1038,154,1150,148,1152,189,1041,196
;
473,191,570,194,569,229,472,225
;
444,211,621,194,628,268,451,285
;
372,197,467,197,467,223,372,223
630,197,735,197,735,232,630,232
741,206,793,206,793,241,741,241
799,196,916,201,915,230,798,226
915,209,970,209,970,229,915,229
970,200,1098,200,1098,229,970,229
1101,203,1150,203,1150,238,1101,238
;
348,226,450,226,450,281,348,281
784,241,860,241,860,273,784,273
909,241,970,241,970,273,909,273
;
613,252,653,252,653,270,613,270
659,247,697,247,697,276,659,276
706,247,778,247,778,279,706,279
976,243,1148,248,1147,280,975,275
;
907,283,1027,290,1025,323,905,316
;
1035,301,1123,283,1131,322,1043,340
;
709,284,787,284,787,319,709,319
784,284,895,284,895,319,784,319
;
351,296,430,296,430,316,351,316
430,287,587,287,587,331,430,331
595,290,691,290,691,328,595,328
;
856,323,978,341,970,395,848,376
;
372,334,459,334,459,363,372,363
470,334,604,334,604,369,470,369
608,338,675,343,674,373,606,368
685,340,778,340,778,366,685,366
787,340,831,340,831,369,787,369
974,336,1148,344,1147,380,972,371
;
502,371,634,387,628,433,497,416
;
342,377,403,377,403,406,342,406
;
700,393,794,379,799,413,704,426
;
398,380,488,380,488,459,398,459
;
177,383,252,383,252,401,177,401
;
816,383,988,383,988,415,816,415
993,389,1028,389,1028,415,993,415
1031,386,1130,386,1130,424,1031,424
;
630,392,706,392,706,433,630,433
;
328,424,418,424,418,467,328,467
456,430,517,430,517,459,456,459
528,430,575,430,575,462,528,462
;
716,441,949,430,951,479,718,490
;
578,435,703,435,703,470,578,470
964,438,993,438,993,465,964,465
996,432,1145,438,1144,471,995,464
;
468,474,657,483,656,517,466,508
;
669,476,761,489,755,532,663,520
;
334,479,465,479,465,511,334,511
758,485,790,485,790,511,758,511
886,485,932,485,932,508,886,508
967,479,1153,479,1153,511,967,511
;
796,488,889,488,889,526,796,526
;
976,517,1049,517,1049,560,976,560
;
492,518,595,529,590,573,487,562
1052,520,1127,520,1127,558,1052,558
;
348,523,482,523,482,552,348,552
918,523,961,523,961,558,918,558
;
589,523,735,523,735,621,589,621
;
720,537,755,537,755,555,720,555
767,531,845,531,845,555,767,555
860,537,912,537,912,558,860,558
;
738,582,885,558,892,605,745,629
942,562,1028,567,1025,612,939,607
;
351,566,395,566,395,595,351,595
395,566,473,566,473,598,395,598
;
1023,581,1156,571,1158,607,1026,617
;
217,575,264,575,264,587,217,587
;
480,581,522,576,525,597,483,602
526,575,569,575,569,601,526,601
569,575,589,575,589,601,569,601
886,575,932,575,932,604,886,604
;
374,613,427,613,427,651,374,651
714,613,746,613,746,648,714,648
;
514,616,630,616,630,665,514,665
;
348,619,374,619,374,645,348,645
421,619,514,619,514,656,421,656
633,624,697,624,697,662,633,662
749,627,805,627,805,662,749,662
802,624,874,624,874,653,802,653
892,624,950,624,950,656,892,656
953,627,1025,627,1025,656,953,656
1031,633,1156,633,1156,653,1031,653
;
351,659,380,659,380,691,351,691
;
381,664,489,671,486,714,378,706
494,668,601,668,601,697,494,697
938,680,985,680,985,697,938,697
;
299,706,360,706,360,738,299,738
694,706,773,706,773,741,694,741
810,706,886,706,886,741,810,741
;
918,706,996,706,996,790,918,790
;
377,712,540,712,540,755,377,755
546,717,598,717,598,752,546,752
604,709,680,709,680,755,604,755
773,714,805,714,805,741,773,741
892,712,924,712,924,741,892,741
1002,717,1040,717,1040,738,1002,738
1037,709,1153,709,1153,746,1037,746
;
836,752,932,767,926,806,830,790
1101,755,1153,755,1153,793,1101,793
;
532,756,663,762,660,839,529,833
;
667,756,742,767,737,801,662,790
732,758,822,758,822,790,732,790
1020,758,1107,758,1107,787,1020,787
;
458,758,559,771,550,840,450,828
;
348,764,389,764,389,787,348,787
386,764,453,764,453,787,386,787
499,761,528,761,528,793,499,793
993,764,1017,764,1017,799,993,799
;
342,802,444,802,444,831,342,831
653,807,697,807,697,834,653,834
811,790,916,804,910,844,806,830
915,810,944,810,944,834,915,834
1072,805,1153,805,1153,837,1072,837
;
703,813,746,813,746,834,703,834
746,810,802,810,802,848,746,848
950,816,1014,816,1014,834,950,834
1014,813,1066,813,1066,845,1014,845
;
357,838,446,843,444,878,355,874
520,845,607,845,607,877,520,877
662,842,720,842,720,880,662,880
729,845,784,845,784,877,729,877
834,842,906,842,906,877,834,877
912,845,1037,845,1037,880,912,880
;
1078,845,1165,845,1165,941,1078,941
;
456,851,520,851,520,895,456,895
;
616,851,656,851,656,877,616,877
784,854,802,854,802,877,784,877
805,857,831,857,831,877,805,877
;
354,883,476,883,476,932,354,932
;
472,906,560,902,561,924,473,927
578,895,653,895,653,935,578,935
653,895,717,895,717,932,653,932
729,895,837,895,837,924,729,924
837,906,854,906,854,924,837,924
863,904,921,900,924,938,866,942
924,895,953,895,953,927,924,927
955,898,1095,894,1096,932,956,935
;
195,948,259,952,258,974,194,970
261,947,302,947,302,967,261,967
302,950,342,950,342,970,302,970
357,935,467,935,467,973,357,973
470,944,534,944,534,973,470,973
537,938,656,938,656,973,537,973
773,950,845,950,845,976,773,976
842,950,909,950,909,976,842,976
909,944,970,944,970,976,909,976
979,935,1089,935,1089,979,979,979
;
691,953,767,953,767,982,691,982
1089,959,1136,959,1136,976,1089,976
;
651,974,734,1000,720,1045,638,1019
;
425,988,495,982,498,1014,427,1020
;
1035,999,1136,983,1143,1028,1041,1043
;
351,993,415,993,415,1028,351,1028
494,993,546,993,546,1028,494,1028
546,990,637,994,636,1025,545,1021
732,988,813,988,813,1020,732,1020
877,985,1037,985,1037,1022,877,1022
;
810,996,871,996,871,1031,810,1031
;
523,1042,638,1032,642,1082,527,1091
;
191,1037,293,1037,293,1069,191,1069
;
453,1044,525,1038,528,1073,456,1079
700,1037,912,1037,912,1086,700,1086
;
415,1040,456,1040,456,1066,415,1066
;
372,1046,406,1046,406,1066,372,1066
903,1043,935,1043,935,1075,903,1075
932,1040,1002,1040,1002,1084,932,1084
1014,1040,1133,1040,1133,1078,1014,1078
;
351,1046,502,1046,502,1116,351,1116
;
636,1046,700,1046,700,1072,636,1072
;
186,1081,334,1081,334,1116,186,1116
697,1086,749,1086,749,1116,697,1116
796,1086,932,1086,932,1124,796,1124
1066,1084,1136,1084,1136,1116,1066,1116
;
505,1089,579,1092,578,1119,504,1116
580,1095,697,1088,699,1126,582,1133
;
749,1095,781,1095,781,1116,749,1116
1005,1089,1063,1089,1063,1118,1005,1118
;
932,1095,1002,1095,1002,1130,932,1130
;
177,1130,249,1130,249,1159,177,1159
340,1127,412,1127,412,1171,340,1171
;
909,1136,1023,1136,1023,1203,909,1203
;
255,1139,319,1139,319,1159,255,1159
857,1139,903,1139,903,1162,857,1162
;
604,1168,671,1168,671,1203,604,1203
682,1171,805,1171,805,1206,682,1206
874,1165,930,1165,930,1206,874,1206
1020,1171,1066,1171,1066,1200,1020,1200
;
284,1177,342,1177,342,1206,284,1206
354,1179,447,1179,447,1203,354,1203
459,1185,511,1185,511,1214,459,1214
519,1172,596,1183,590,1219,514,1208
807,1182,868,1182,868,1211,807,1211
;
337,1226,392,1226,392,1258,337,1258
398,1226,465,1226,465,1255,398,1255
688,1226,712,1226,712,1252,688,1252
715,1225,825,1229,824,1263,714,1259
825,1223,915,1223,915,1267,825,1267
953,1220,1028,1220,1028,1255,953,1255
1069,1211,1148,1225,1141,1266,1062,1252
;
261,1238,279,1238,279,1264,261,1264
279,1235,322,1235,322,1255,279,1255
465,1229,621,1229,621,1264,465,1264
630,1235,682,1235,682,1270,630,1270
;
345,1275,418,1275,418,1302,345,1302
470,1276,650,1270,651,1309,471,1315
653,1272,709,1272,709,1302,653,1302
706,1272,755,1272,755,1319,706,1319
755,1270,825,1270,825,1304,755,1304
;
854,1275,921,1275,921,1296,854,1296
;
171,1281,235,1281,235,1302,171,1302
252,1284,328,1280,329,1306,253,1310
430,1281,473,1281,473,1302,430,1302
;
715,1314,797,1319,795,1355,713,1351
816,1310,918,1310,918,1354,816,1354
936,1310,1128,1313,1127,1351,935,1347
;
302,1320,385,1327,383,1357,300,1351
383,1333,415,1333,415,1351,383,1351
412,1319,653,1319,653,1368,412,1368
659,1325,714,1325,714,1363,659,1363
;
682,1357,799,1357,799,1395,682,1395
;
61,1371,171,1371,171,1392,61,1392
174,1363,279,1363,279,1415,174,1415
340,1368,465,1368,465,1415,340,1415
511,1374,566,1374,566,1395,511,1395
575,1368,639,1368,639,1395,575,1395
639,1368,674,1368,674,1395,639,1395
808,1358,969,1369,966,1409,806,1399
982,1360,1054,1360,1054,1395,982,1395
1049,1368,1127,1368,1127,1415,1049,1415
;
53,1397,179,1390,181,1425,55,1431
;
948,1408,1130,1399,1132,1454,951,1463
;
776,1412,934,1400,937,1436,779,1448
;
345,1415,543,1411,544,1453,346,1458
549,1412,714,1412,714,1444,549,1444
;
168,1416,292,1436,284,1481,160,1461
;
723,1418,775,1418,775,1453,723,1453
;
50,1430,165,1425,166,1461,52,1467
;
271,1458,595,1452,597,1537,273,1543
;
802,1464,895,1464,895,1490,802,1490
;
991,1497,1174,1500,1173,1537,990,1534
;
487,1505,793,1500,793,1545,488,1550
802,1505,865,1501,868,1534,805,1539
;
52,1530,235,1501,243,1547,59,1575
;
868,1505,991,1505,991,1537,868,1537
;
664,1536,897,1583,883,1651,650,1604
;
432,1547,612,1543,613,1580,433,1584
883,1545,1139,1549,1138,1591,883,1588
;
37,1582,192,1552,210,1648,55,1678
;
148,1554,299,1554,299,1604,148,1604
816,1554,877,1554,877,1598,816,1598
;
344,1559,421,1556,422,1577,346,1581
616,1557,656,1557,656,1583,616,1583
;
778,1560,819,1560,819,1595,778,1595
;
55,1581,101,1581,101,1601,55,1601
;
348,1595,415,1595,415,1627,348,1627
1004,1599,1156,1595,1157,1624,1005,1628
;
639,1598,738,1598,738,1644,639,1644
915,1598,1002,1598,1002,1636,915,1636
;
412,1601,584,1601,584,1656,412,1656
589,1607,619,1607,619,1642,589,1642
;
