796,66,941,63,943,121,797,125
;
1006,65,1143,70,1141,134,1003,129
;
142,127,275,127,275,208,142,208
269,139,385,139,385,191,269,191
;
1016,145,1130,161,1125,203,1010,187
;
382,150,446,150,446,191,382,191
921,147,968,147,968,185,921,185
;
443,153,498,153,498,199,443,199
594,150,922,155,921,206,593,200
;
568,162,585,162,585,185,568,185
962,153,1011,153,1011,185,962,185
;
507,162,565,162,565,199,507,199
;
20,179,46,179,46,199,20,199
;
13,209,90,185,97,210,21,234
;
704,199,808,199,808,246,704,246
;
947,199,973,199,973,231,947,231
;
455,202,617,202,617,246,455,246
971,204,1093,210,1091,248,969,242
;
808,205,939,205,939,234,808,234
;
104,208,168,208,168,246,104,246
;
420,208,452,208,452,234,420,234
;
363,214,420,210,423,245,366,250
;
275,211,356,211,356,237,275,237
;
623,211,678,211,678,249,623,249
;
681,214,698,214,698,234,681,234
;
33,235,104,227,106,251,36,259
;
326,250,602,237,606,332,331,345
;
197,255,237,255,237,281,197,281
555,251,805,246,806,281,556,285
814,250,955,259,953,290,813,281
962,246,1049,246,1049,284,962,284
;
269,257,463,257,463,301,269,301
;
139,260,197,260,197,278,139,278
;
122,292,282,298,280,333,121,327
736,292,875,292,875,330,736,330
950,298,994,298,994,333,950,333
999,298,1104,298,1104,327,999,327
;
281,310,318,310,318,330,281,330
602,313,620,313,620,336,602,336
631,304,718,304,718,333,631,333
878,301,947,301,947,339,878,339
;
85,359,268,333,275,377,91,403
;
284,337,398,342,396,387,282,382
;
401,350,689,338,692,423,405,435
;
698,344,747,344,747,376,698,376
;
823,344,1104,344,1104,394,823,394
;
744,347,776,347,776,379,744,379
773,350,814,350,814,382,773,382
;
37,362,92,362,92,394,37,394
;
324,399,440,384,446,422,329,438
;
92,391,217,391,217,420,92,420
217,397,266,397,266,426,217,426
568,399,643,399,643,431,568,431
704,399,776,399,776,423,704,423
782,394,820,394,820,426,782,426
823,394,860,394,860,426,823,426
860,394,927,394,927,428,860,428
936,397,991,397,991,420,936,420
997,394,1060,394,1060,420,997,420
1057,397,1084,397,1084,431,1057,431
;
646,399,704,399,704,437,646,437
;
26,402,60,402,60,423,26,423
281,402,324,402,324,426,281,426
;
846,437,956,437,956,472,846,472
1020,437,1110,437,1110,469,1020,469
;
65,448,199,441,201,475,67,482
214,452,281,452,281,472,214,472
318,446,446,446,446,481,318,481
460,446,518,446,518,472,460,472
518,446,556,446,556,481,518,481
553,446,597,446,597,478,553,478
602,446,669,446,669,478,602,478
669,446,727,446,727,484,669,484
728,445,793,441,795,469,730,473
794,446,834,446,834,475,794,475
965,440,1026,440,1026,481,965,481
;
377,485,446,492,442,525,374,518
446,486,513,486,513,527,446,527
503,490,721,467,726,518,508,541
779,486,831,486,831,518,779,518
947,484,1092,484,1092,524,947,524
;
277,499,364,488,368,524,282,535
;
733,498,779,498,779,518,733,518
826,489,936,489,936,521,826,521
;
684,526,798,530,796,574,683,570
956,525,1022,542,1013,578,947,562
;
289,546,402,529,410,581,296,598
;
408,536,475,536,475,570,408,570
478,544,533,544,533,570,478,570
533,542,573,542,573,568,533,568
576,536,663,536,663,570,576,570
794,542,907,542,907,579,794,579
910,542,950,542,950,565,910,565
1021,542,1095,538,1097,573,1023,577
;
115,547,255,547,255,585,115,585
;
866,573,1028,573,1028,643,866,643
;
275,579,385,579,385,623,275,623
382,582,553,582,553,620,382,620
1023,576,1092,576,1092,617,1023,617
;
626,591,675,591,675,617,626,617
681,585,857,585,857,626,681,626
;
127,599,197,599,197,620,127,620
568,597,626,597,626,631,568,631
;
140,643,199,637,201,657,142,663
304,623,353,623,353,666,304,666
356,630,487,635,486,675,355,670
483,634,673,617,677,662,487,679
;
199,643,228,643,228,663,199,663
228,643,257,643,257,660,228,660
698,640,779,640,779,669,698,669
;
788,643,915,643,915,681,788,681
;
568,675,833,659,836,712,571,728
;
47,674,141,667,144,699,49,706
;
205,678,243,678,243,710,205,710
240,675,298,675,298,715,240,715
294,679,425,673,427,715,296,722
828,681,930,681,930,710,828,710
933,684,1071,670,1075,709,937,724
;
433,687,570,681,572,723,435,728
;
75,701,130,701,130,733,75,733
;
202,721,255,721,255,759,202,759
478,724,581,733,578,763,476,755
634,727,686,727,686,759,634,759
871,730,1084,724,1084,752,872,759
;
280,736,352,728,357,767,285,776
359,730,475,730,475,770,359,770
;
582,736,623,736,623,762,582,762
689,734,796,731,797,756,689,759
794,730,866,730,866,756,794,756
;
717,760,817,771,812,818,712,808
;
828,762,930,762,930,805,828,805
;
287,772,423,776,423,809,286,805
437,779,515,779,515,802,437,802
597,773,626,773,626,805,597,805
631,768,710,768,710,817,631,817
940,775,1077,769,1079,802,942,808
;
521,779,599,779,599,820,521,820
;
237,785,272,785,272,802,237,802
;
410,815,605,808,606,849,412,855
764,809,953,805,954,851,765,855
;
281,814,411,814,411,901,281,901
;
968,817,1115,817,1115,857,968,857
;
604,826,756,822,757,860,605,864
;
286,863,356,863,356,898,286,898
414,866,478,866,478,898,414,898
481,866,515,866,515,904,481,904
521,866,562,866,562,898,521,898
568,869,718,869,718,904,568,904
717,861,863,875,860,908,714,895
;
866,881,913,881,913,901,866,901
;
884,904,1034,904,1034,947,884,947
;
744,922,872,905,878,946,749,963
;
237,910,441,917,440,948,236,941
559,918,588,918,588,947,559,947
588,915,652,915,652,947,588,947
660,918,704,918,704,944,660,944
707,918,742,918,742,944,707,944
1037,918,1110,918,1110,944,1037,944
;
440,921,553,921,553,965,440,965
;
20,939,104,939,104,985,20,985
;
204,949,413,965,409,1022,199,1005
;
611,950,791,950,791,999,611,999
;
411,965,452,965,452,991,411,991
452,965,572,954,576,994,456,1005
579,970,611,970,611,994,579,994
797,962,869,962,869,997,797,997
866,965,936,965,936,997,866,997
944,959,1078,959,1078,991,944,991
;
13,991,127,987,128,1017,14,1021
127,997,185,997,185,1017,127,1017
;
327,1002,399,1002,399,1040,327,1040
915,999,991,999,991,1049,915,1049
;
985,1002,1081,1002,1081,1092,985,1092
;
807,1003,877,1010,874,1044,803,1037
878,1005,907,1005,907,1037,878,1037
;
665,1017,807,1006,810,1044,668,1055
;
478,1008,544,1008,544,1037,478,1037
;
405,1008,489,1008,489,1086,405,1086
;
547,1011,579,1011,579,1046,547,1046
588,1020,660,1020,660,1040,588,1040
;
14,1020,107,1020,107,1055,14,1055
;
286,1040,399,1040,399,1092,286,1092
496,1048,632,1052,631,1090,494,1086
;
849,1052,956,1052,956,1101,849,1101
953,1062,1028,1051,1034,1093,960,1104
;
768,1055,837,1055,837,1086,768,1086
;
640,1057,770,1057,770,1095,640,1095
;
365,1101,423,1101,423,1136,365,1136
426,1091,572,1096,570,1137,425,1133
;
281,1107,353,1107,353,1133,281,1133
652,1115,695,1115,695,1136,652,1136
756,1110,884,1110,884,1136,756,1136
884,1115,921,1115,921,1136,884,1136
;
307,1141,362,1141,362,1176,307,1176
;
480,1154,592,1142,597,1186,485,1199
;
263,1144,307,1144,307,1179,263,1179
365,1150,469,1150,469,1176,365,1176
591,1150,628,1150,628,1176,591,1176
631,1153,666,1153,666,1176,631,1176
744,1147,860,1147,860,1179,744,1179
872,1144,962,1144,962,1188,872,1188
970,1153,1028,1153,1028,1173,970,1173
1028,1150,1086,1150,1086,1188,1028,1188
;
52,1162,115,1162,115,1185,52,1185
678,1153,733,1153,733,1191,678,1191
;
286,1188,321,1188,321,1220,286,1220
321,1191,420,1191,420,1220,321,1220
440,1188,553,1188,553,1226,440,1226
976,1191,1008,1191,1008,1226,976,1226
;
1011,1191,1078,1191,1078,1237,1011,1237
;
14,1194,107,1194,107,1220,14,1220
707,1194,770,1194,770,1223,707,1223
;
640,1197,701,1197,701,1237,640,1237
;
768,1197,802,1197,802,1223,768,1223
;
110,1199,150,1199,150,1223,110,1223
562,1202,631,1202,631,1231,562,1231
826,1202,898,1202,898,1223,826,1223
904,1197,976,1197,976,1234,904,1234
;
208,1209,373,1237,364,1289,199,1261
;
505,1221,724,1271,706,1349,487,1298
;
11,1226,118,1226,118,1257,11,1257
;
388,1231,492,1231,492,1269,388,1269
;
608,1248,680,1232,689,1272,616,1288
;
684,1237,727,1237,727,1272,684,1272
;
742,1237,994,1237,994,1289,742,1289
992,1245,1103,1241,1105,1280,994,1284
;
307,1281,440,1281,440,1312,307,1312
;
159,1284,223,1284,223,1312,159,1312
446,1284,507,1284,507,1318,446,1318
849,1283,951,1286,950,1322,848,1318
;
484,1284,573,1284,573,1373,484,1373
;
750,1286,846,1286,846,1321,750,1321
1014,1289,1098,1289,1098,1321,1014,1321
;
944,1295,1017,1295,1017,1333,944,1333
;
133,1327,214,1327,214,1359,133,1359
281,1327,324,1327,324,1362,281,1362
327,1318,484,1321,484,1365,326,1362
;
742,1330,875,1330,875,1376,742,1376
;
221,1336,274,1331,277,1359,223,1364
;
689,1339,733,1339,733,1368,689,1368
968,1336,1078,1336,1078,1370,968,1370
;
576,1341,646,1341,646,1379,576,1379
;
655,1344,681,1344,681,1365,655,1365
;
878,1347,965,1352,964,1375,877,1370
;
136,1374,244,1378,243,1407,135,1402
284,1366,413,1374,411,1410,282,1402
530,1373,556,1373,556,1408,530,1408
628,1370,802,1370,802,1411,628,1411
;
399,1376,527,1376,527,1455,399,1455
;
556,1388,620,1388,620,1411,556,1411
808,1379,941,1379,941,1411,808,1411
944,1391,1011,1391,1011,1411,944,1411
1011,1382,1081,1382,1081,1414,1011,1414
;
284,1417,347,1417,347,1466,284,1466
339,1414,394,1414,394,1469,339,1469
;
439,1429,547,1423,549,1468,441,1473
;
640,1428,727,1428,727,1457,640,1457
910,1426,991,1426,991,1460,910,1460
999,1428,1028,1428,1028,1457,999,1457
;
544,1431,631,1431,631,1472,544,1472
733,1438,808,1431,810,1464,736,1470
820,1437,904,1437,904,1457,820,1457
1031,1440,1081,1440,1081,1460,1031,1460
;
273,1474,385,1449,395,1494,283,1519
;
151,1468,282,1477,280,1513,148,1503
;
402,1475,469,1475,469,1498,402,1498
614,1469,692,1469,692,1501,614,1501
895,1469,953,1469,953,1504,895,1504
;
472,1478,585,1478,585,1501,472,1501
594,1478,617,1478,617,1498,594,1498
704,1481,744,1481,744,1504,704,1504
744,1478,791,1478,791,1504,744,1504
818,1478,891,1485,889,1508,816,1501
955,1482,1092,1477,1093,1502,956,1507
;
281,1507,324,1507,324,1565,281,1565
1023,1510,1104,1510,1104,1553,1023,1553
;
852,1513,1004,1525,1000,1578,848,1565
;
652,1514,769,1522,766,1565,650,1558
;
133,1521,275,1521,275,1547,133,1547
327,1515,362,1515,362,1544,327,1544
371,1518,481,1518,481,1547,371,1547
478,1521,550,1521,550,1547,478,1547
547,1515,608,1515,608,1544,547,1544
;
620,1527,640,1527,640,1544,620,1544
765,1524,828,1524,828,1550,765,1550
;
368,1559,533,1559,533,1591,368,1591
631,1562,724,1562,724,1594,631,1594
803,1561,920,1567,918,1597,801,1591
;
539,1568,614,1562,616,1598,542,1604
;
286,1565,333,1565,333,1588,286,1588
339,1568,356,1568,356,1591,339,1591
724,1568,805,1568,805,1602,724,1602
925,1568,990,1575,987,1598,923,1591
997,1576,1026,1576,1026,1597,997,1597
1028,1565,1089,1565,1089,1597,1028,1597
;
531,1607,674,1601,676,1648,533,1654
;
715,1605,863,1605,863,1640,715,1640
;
128,1605,246,1620,242,1654,124,1639
;
858,1606,1047,1612,1045,1669,857,1663
;
397,1608,524,1608,524,1637,397,1637
689,1611,707,1611,707,1637,689,1637
;
1048,1613,1113,1624,1108,1657,1042,1646
;
284,1614,330,1614,330,1634,284,1634
;
333,1614,391,1614,391,1649,333,1649
;
