204,91,384,91,384,177,204,177
;
1033,293,1077,293,1077,310,1033,310
;
953,322,1030,322,1030,346,953,346
1033,325,1077,325,1077,346,1033,346
;
962,349,1009,349,1009,379,962,379
;
1021,364,1077,364,1077,381,1021,381
;
942,383,1047,397,1043,425,939,411
1042,390,1077,390,1077,417,1042,417
;
956,426,1077,426,1077,453,956,453
;
1018,464,1074,464,1074,485,1018,485
;
352,470,390,470,390,488,352,488
;
914,491,1000,491,1000,518,914,518
;
1009,500,1071,500,1071,521,1009,521
;
888,521,956,521,956,550,888,550
;
256,524,386,536,384,564,253,553
;
974,527,1015,527,1015,553,974,553
;
1018,535,1070,538,1068,560,1017,556
;
938,559,1009,559,1009,589,938,589
;
239,562,343,562,343,592,239,592
;
1024,571,1065,571,1065,592,1024,592
;
281,606,346,606,346,627,281,627
917,604,932,604,932,621,917,621
938,604,1018,604,1018,624,938,624
;
926,630,1006,630,1006,660,926,660
;
254,636,302,636,302,660,254,660
304,639,322,639,322,660,304,660
;
1006,642,1065,642,1065,663,1006,663
;
352,675,399,675,399,698,352,698
924,666,1055,678,1053,704,922,692
;
897,694,991,705,987,735,894,724
;
994,707,1062,707,1062,731,994,731
;
894,743,953,743,953,763,894,763
;
953,746,997,746,997,769,953,769
997,746,1024,746,1024,766,997,766
1027,749,1062,749,1062,766,1027,766
;
931,779,1062,769,1065,806,933,816
;
879,778,929,778,929,796,879,796
;
468,804,1029,821,1026,910,466,893
;
465,900,853,908,852,966,463,958
;
856,914,1031,921,1029,975,854,968
;
459,959,555,966,553,998,457,991
;
550,971,633,971,633,997,550,997
630,968,660,968,660,997,630,997
;
672,974,755,974,755,1000,672,1000
;
760,974,888,974,888,1009,760,1009
;
891,980,1030,980,1030,1018,891,1018
;
491,997,553,997,553,1027,491,1027
;
578,998,666,1010,662,1042,573,1031
;
550,1000,577,1000,577,1030,550,1030
;
660,1003,695,1003,695,1036,660,1036
;
699,1005,810,1012,808,1043,697,1035
;
461,1006,491,1006,491,1027,461,1027
;
811,1012,962,1012,962,1048,811,1048
;
965,1018,1039,1018,1039,1048,965,1048
;
456,1029,575,1033,574,1073,454,1069
;
574,1035,682,1040,680,1074,573,1069
;
678,1037,898,1049,896,1090,676,1078
897,1048,929,1048,929,1080,897,1080
;
933,1051,1042,1064,1038,1096,929,1084
;
260,1057,290,1057,290,1083,260,1083
;
288,1064,407,1057,409,1089,290,1096
;
219,1062,263,1062,263,1083,219,1083
;
408,1062,438,1062,438,1092,408,1092
;
444,1064,582,1076,579,1112,441,1099
;
601,1077,701,1077,701,1104,601,1104
699,1074,795,1079,793,1111,697,1106
;
248,1089,281,1089,281,1119,248,1119
822,1087,950,1084,950,1116,823,1119
;
290,1091,450,1097,449,1137,288,1131
;
219,1095,251,1095,251,1119,219,1119
808,1092,826,1092,826,1119,808,1119
;
947,1095,997,1095,997,1128,947,1128
1000,1101,1042,1101,1042,1119,1000,1119
;
450,1101,482,1101,482,1131,450,1131
;
489,1102,598,1115,593,1153,484,1140
;
598,1107,633,1107,633,1137,598,1137
639,1110,681,1110,681,1139,639,1139
;
687,1118,776,1123,775,1146,685,1141
778,1116,811,1116,811,1145,778,1145
820,1119,870,1119,870,1148,820,1148
;
247,1120,347,1131,343,1165,243,1154
;
219,1122,248,1122,248,1154,219,1154
876,1131,894,1131,894,1148,876,1148
891,1122,941,1122,941,1151,891,1151
;
938,1131,1009,1131,1009,1160,938,1160
;
1009,1137,1045,1137,1045,1163,1009,1163
;
343,1137,512,1137,512,1169,343,1169
;
512,1139,642,1139,642,1178,512,1178
;
642,1148,686,1148,686,1175,642,1175
704,1148,731,1148,731,1178,704,1178
728,1148,799,1148,799,1181,728,1181
;
794,1148,961,1164,958,1197,791,1181
;
213,1156,293,1163,289,1197,210,1189
284,1161,383,1166,381,1197,283,1193
;
965,1169,1045,1169,1045,1193,965,1193
;
390,1175,438,1175,438,1205,390,1205
435,1170,534,1177,532,1209,433,1201
;
565,1178,633,1178,633,1211,565,1211
630,1178,669,1178,669,1211,630,1211
;
669,1180,750,1184,748,1216,667,1212
;
532,1181,568,1181,568,1208,532,1208
;
743,1190,772,1190,772,1216,743,1216
781,1187,849,1187,849,1219,781,1219
;
879,1191,976,1202,972,1239,875,1228
;
210,1196,304,1196,304,1228,210,1228
302,1196,395,1202,393,1233,300,1228
864,1199,882,1199,882,1228,864,1228
977,1196,1045,1196,1045,1228,977,1228
;
408,1208,444,1208,444,1237,408,1237
;
447,1211,565,1211,565,1246,447,1246
565,1213,645,1213,645,1246,565,1246
;
684,1217,806,1221,805,1253,683,1249
;
210,1227,324,1234,321,1275,208,1268
;
669,1228,686,1228,686,1252,669,1252
;
829,1231,1000,1231,1000,1264,829,1264
;
384,1237,444,1237,444,1270,384,1270
;
328,1240,384,1240,384,1273,328,1273
;
1024,1243,1039,1243,1039,1261,1024,1261
;
474,1244,576,1251,574,1283,472,1275
;
604,1255,642,1255,642,1282,604,1282
646,1250,738,1256,737,1287,644,1281
;
809,1256,894,1266,890,1297,805,1287
;
583,1258,601,1258,601,1279,583,1279
;
207,1264,242,1264,242,1296,207,1296
;
781,1264,808,1264,808,1288,781,1288
;
923,1264,1042,1264,1042,1305,923,1305
;
760,1267,778,1267,778,1293,760,1293
;
242,1273,293,1273,293,1299,242,1299
906,1273,923,1273,923,1302,906,1302
;
486,1277,577,1290,571,1328,481,1315
;
331,1279,393,1279,393,1308,331,1308
393,1279,485,1279,485,1308,393,1308
;
319,1282,334,1282,334,1299,319,1299
;
577,1285,609,1285,609,1314,577,1314
;
606,1290,731,1290,731,1320,606,1320
;
778,1293,829,1293,829,1323,778,1323
;
740,1302,772,1302,772,1320,740,1320
829,1296,923,1296,923,1329,829,1329
;
207,1302,325,1302,325,1341,207,1341
935,1311,994,1311,994,1332,935,1332
;
326,1313,428,1321,426,1344,324,1336
;
1009,1314,1042,1314,1042,1332,1009,1332
;
426,1314,500,1314,500,1344,426,1344
;
497,1317,621,1317,621,1350,497,1350
;
627,1323,704,1323,704,1353,627,1353
;
705,1323,936,1333,935,1368,703,1357
;
207,1335,394,1344,393,1376,206,1367
;
959,1344,1006,1344,1006,1376,959,1376
;
392,1349,467,1345,469,1379,394,1383
;
510,1347,760,1363,757,1398,507,1382
;
1012,1350,1039,1350,1039,1367,1012,1367
;
865,1352,1040,1359,1039,1406,863,1399
;
464,1356,515,1356,515,1382,464,1382
;
230,1370,278,1370,278,1403,230,1403
760,1370,811,1370,811,1403,760,1403
;
276,1372,360,1380,357,1412,272,1403
;
811,1373,864,1373,864,1397,811,1397
;
382,1378,516,1385,515,1421,380,1415
;
207,1382,230,1382,230,1400,207,1400
;
364,1382,384,1382,384,1409,364,1409
;
516,1387,659,1403,656,1432,513,1415
657,1394,772,1394,772,1427,657,1427
;
788,1408,890,1400,893,1432,791,1440
;
204,1404,327,1411,325,1442,202,1435
;
929,1409,1039,1409,1039,1444,929,1444
;
327,1410,449,1424,445,1458,323,1444
;
911,1415,929,1415,929,1441,911,1441
;
546,1429,668,1425,669,1459,547,1463
;
447,1426,501,1430,500,1452,445,1448
500,1430,547,1430,547,1453,500,1453
;
665,1433,790,1430,791,1462,666,1465
;
790,1436,864,1436,864,1465,790,1465
;
864,1439,906,1439,906,1468,864,1468
906,1441,977,1441,977,1471,906,1471
;
204,1444,251,1444,251,1474,204,1474
313,1444,376,1444,376,1477,313,1477
985,1444,1042,1444,1042,1474,985,1474
;
251,1447,263,1447,263,1468,251,1468
;
373,1448,478,1455,476,1486,371,1480
;
266,1450,316,1450,316,1474,266,1474
;
474,1454,593,1461,592,1492,472,1486
;
648,1462,707,1462,707,1495,648,1495
;
708,1464,831,1475,828,1507,705,1495
;
595,1465,651,1465,651,1495,595,1495
;
245,1477,281,1477,281,1510,245,1510
278,1480,307,1480,307,1510,278,1510
832,1480,849,1480,849,1507,832,1507
849,1480,897,1480,897,1504,849,1504
900,1480,941,1480,941,1507,900,1507
941,1480,1042,1480,1042,1510,941,1510
;
201,1483,248,1483,248,1513,201,1513
;
302,1486,379,1486,379,1518,302,1518
376,1483,438,1489,435,1523,373,1516
;
441,1498,458,1498,458,1524,441,1524
456,1489,567,1501,564,1535,452,1524
565,1498,615,1498,615,1527,565,1527
;
615,1504,689,1504,689,1533,615,1533
;
689,1507,781,1507,781,1536,689,1536
;
826,1510,923,1510,923,1539,826,1539
;
198,1513,266,1513,266,1545,198,1545
927,1511,1034,1515,1033,1546,925,1542
;
279,1514,375,1525,371,1561,275,1550
;
790,1516,820,1516,820,1536,790,1536
;
373,1521,435,1521,435,1554,373,1554
;
435,1521,535,1529,532,1561,433,1554
;
595,1528,651,1539,645,1570,589,1559
;
530,1533,568,1533,568,1560,530,1560
565,1530,592,1530,592,1560,565,1560
;
645,1533,725,1533,725,1566,645,1566
;
725,1539,873,1539,873,1578,725,1578
;
195,1548,236,1548,236,1578,195,1578
879,1548,909,1548,909,1575,879,1575
906,1548,974,1548,974,1578,906,1578
;
293,1550,380,1554,378,1592,291,1588
;
974,1551,1042,1551,1042,1581,974,1581
;
245,1557,296,1557,296,1590,245,1590
;
381,1563,420,1563,420,1590,381,1590
423,1566,491,1566,491,1592,423,1592
;
491,1566,577,1566,577,1595,491,1595
;
642,1569,686,1569,686,1601,642,1601
;
773,1573,878,1580,876,1612,771,1605
;
583,1574,646,1578,645,1601,582,1597
689,1575,778,1575,778,1604,689,1604
;
880,1578,966,1583,965,1615,878,1610
;
195,1587,266,1587,266,1616,195,1616
264,1581,393,1592,390,1627,262,1616
965,1590,1012,1590,1012,1619,965,1619
1015,1587,1042,1587,1042,1616,1015,1616
;
390,1598,399,1598,399,1619,390,1619
;
399,1598,544,1598,544,1637,399,1637
;
544,1607,624,1607,624,1634,544,1634
621,1607,713,1607,713,1637,621,1637
;
713,1610,784,1610,784,1640,713,1640
;
823,1610,943,1619,941,1653,821,1644
;
784,1613,823,1613,823,1643,784,1643
;
944,1622,956,1622,956,1643,944,1643
956,1616,983,1616,983,1649,956,1649
;
213,1628,248,1628,248,1646,213,1646
985,1625,1045,1625,1045,1652,985,1652
;
988,1667,1042,1667,1042,1687,988,1687
;
139,1829,168,1829,168,1847,139,1847
;
