310,196,424,196,424,228,310,228
424,196,524,196,524,231,424,231
521,199,556,199,556,231,521,231
553,202,603,202,603,231,553,231
;
603,205,735,205,735,240,603,240
741,208,788,208,788,243,741,243
788,208,928,208,928,240,788,240
928,210,963,210,963,240,928,240
958,210,987,210,987,240,958,240
984,210,1051,210,1051,243,984,243
1048,210,1095,210,1095,246,1048,246
;
310,231,369,231,369,263,310,263
369,234,500,234,500,263,369,263
533,237,600,237,600,266,533,266
;
500,243,533,243,533,266,500,266
601,238,693,245,690,279,598,272
747,240,837,240,837,272,747,272
837,246,870,246,870,275,837,275
867,246,946,246,946,281,867,281
952,246,1001,246,1001,275,952,275
;
1004,246,1107,246,1107,310,1004,310
;
697,249,747,249,747,269,697,269
1104,249,1133,249,1133,278,1104,278
;
310,269,360,269,360,298,310,298
380,269,418,269,418,298,380,298
509,272,594,272,594,304,509,304
;
366,278,383,278,383,304,366,304
418,278,433,278,433,298,418,298
430,275,512,275,512,301,430,301
594,272,732,272,732,313,594,313
732,275,764,275,764,307,732,307
764,278,837,278,837,307,764,307
925,281,1001,281,1001,310,925,310
;
834,287,884,287,884,313,834,313
884,284,925,284,925,310,884,310
1001,287,1028,287,1028,313,1001,313
1054,281,1095,281,1095,319,1054,319
1098,284,1136,284,1136,313,1098,313
;
314,302,377,310,373,341,310,333
369,301,421,301,421,333,369,333
421,304,515,304,515,336,421,336
515,307,547,307,547,336,515,336
547,307,638,307,638,339,547,339
;
638,310,714,310,714,339,638,339
718,309,1002,317,1001,351,717,343
;
969,351,1051,351,1051,377,969,377
;
389,372,821,383,820,420,388,409
;
818,393,869,388,872,418,821,423
867,386,963,386,963,424,867,424
961,385,1134,389,1133,428,960,424
;
390,405,471,413,468,446,387,439
466,408,607,412,606,446,465,442
;
612,421,659,421,659,451,612,451
662,418,688,418,688,445,662,445
691,414,740,419,737,449,688,445
741,418,773,418,773,448,741,448
782,418,896,418,896,451,782,451
;
899,430,928,430,928,454,899,454
925,424,1001,424,1001,454,925,454
1022,433,1037,433,1037,459,1022,459
1042,430,1089,430,1089,459,1042,459
1095,436,1130,436,1130,457,1095,457
;
389,454,424,454,424,480,389,480
428,453,478,457,476,478,426,474
477,454,533,454,533,483,477,483
539,457,609,457,609,477,539,477
609,457,641,457,641,480,609,480
641,451,667,451,667,480,641,480
668,449,741,457,738,488,664,479
732,451,799,451,799,483,732,483
805,459,855,459,855,489,805,489
855,454,1128,460,1127,493,854,487
;
375,480,442,480,442,512,375,512
442,480,495,480,495,509,442,509
;
498,483,621,483,621,521,498,521
;
313,486,348,486,348,506,313,506
348,489,372,489,372,509,348,509
629,489,650,489,650,515,629,515
741,489,811,489,811,518,741,518
811,489,846,489,846,518,811,518
;
656,492,706,492,706,524,656,524
706,495,741,495,741,515,706,515
849,492,940,492,940,521,849,521
943,492,1034,492,1034,524,943,524
1048,495,1130,495,1130,524,1048,524
;
308,512,397,521,393,555,305,546
395,521,462,521,462,547,395,547
462,515,506,515,506,547,462,547
503,524,574,524,574,553,503,553
583,524,618,524,618,550,583,550
618,521,641,521,641,550,618,550
;
641,527,708,527,708,556,641,556
706,524,834,524,834,559,706,559
832,527,873,527,873,556,832,556
952,530,978,530,978,556,952,556
1092,530,1133,530,1133,559,1092,559
;
873,533,949,533,949,562,873,562
981,533,1031,533,1031,565,981,565
1031,536,1095,536,1095,565,1031,565
;
307,547,427,547,427,588,307,588
451,552,514,556,512,586,449,582
530,551,663,557,661,588,529,582
;
812,554,934,565,931,598,809,588
;
424,556,454,556,454,580,424,580
662,556,694,556,694,585,662,585
694,556,720,556,720,585,694,585
726,556,773,556,773,588,726,588
779,559,811,559,811,588,779,588
;
972,571,1062,562,1065,595,976,605
;
512,565,530,565,530,588,512,588
;
928,568,978,568,978,600,928,600
1063,574,1081,574,1081,600,1063,600
1081,568,1130,568,1130,594,1081,594
;
307,582,422,586,421,617,306,613
421,585,454,585,454,615,421,615
451,585,506,585,506,621,451,621
521,588,553,588,553,618,521,618
;
509,597,524,597,524,618,509,618
553,597,624,597,624,621,553,621
647,591,744,591,744,621,647,621
744,600,860,589,863,623,747,634
864,594,905,594,905,626,864,626
908,600,1004,600,1004,629,908,629
1057,598,1132,601,1130,633,1056,629
;
1007,606,1054,606,1054,635,1007,635
;
307,621,430,621,430,653,307,653
533,621,597,621,597,656,533,656
714,626,764,626,764,659,714,659
;
433,632,498,632,498,653,433,653
498,632,530,632,530,653,498,653
600,632,618,632,618,656,600,656
621,635,653,635,653,656,621,656
653,629,717,629,717,656,653,656
763,630,896,627,897,662,764,665
937,632,966,632,966,662,937,662
964,631,1041,637,1039,668,962,663
1048,635,1133,635,1133,665,1048,665
;
893,638,940,638,940,670,893,670
;
303,656,412,651,413,688,305,693
413,656,518,656,518,688,413,688
694,662,738,662,738,691,694,691
;
521,665,568,665,568,694,521,694
568,670,603,670,603,691,568,691
603,667,629,667,629,691,603,691
629,667,697,667,697,700,629,700
735,665,870,665,870,697,735,697
870,673,902,673,902,697,870,697
905,667,946,667,946,697,905,697
949,670,1031,670,1031,700,949,700
1034,672,1134,676,1133,704,1033,700
;
304,691,401,691,401,720,304,720
401,690,502,696,500,732,399,726
500,703,518,703,518,729,500,729
518,700,583,700,583,726,518,726
580,703,609,703,609,726,580,726
650,697,679,697,679,726,650,726
682,697,747,697,747,726,682,726
750,700,779,700,779,729,750,729
;
606,703,650,703,650,732,606,732
779,706,840,706,840,738,779,738
843,703,966,703,966,741,843,741
969,714,1025,714,1025,735,969,735
1031,708,1045,708,1045,735,1031,735
1048,706,1110,706,1110,735,1048,735
1113,717,1130,717,1130,735,1113,735
;
307,729,360,729,360,755,307,755
386,726,421,726,421,761,386,761
418,729,574,729,574,758,418,758
;
360,735,389,735,389,755,360,755
574,732,600,732,600,758,574,758
600,732,700,732,700,761,600,761
700,731,809,735,808,768,699,764
805,735,832,735,832,764,805,764
925,741,952,741,952,767,925,767
;
832,747,925,747,925,767,832,767
952,741,1037,741,1037,770,952,770
1034,741,1125,741,1125,773,1034,773
;
304,758,366,758,366,791,304,791
465,764,495,764,495,793,465,793
;
366,767,418,767,418,793,366,793
498,764,609,764,609,799,498,799
;
867,768,988,774,987,809,865,803
;
418,770,465,770,465,793,418,793
612,773,659,773,659,805,612,805
665,776,688,776,688,796,665,796
685,770,738,770,738,799,685,799
735,770,764,770,764,799,735,799
770,770,867,770,867,802,770,802
996,773,1117,777,1116,809,995,805
;
307,805,325,805,325,829,307,829
325,796,410,796,410,826,325,826
410,796,448,796,448,829,410,829
448,799,515,799,515,834,448,834
515,799,550,799,550,829,515,829
571,799,618,799,618,832,571,832
629,802,659,802,659,832,629,832
;
835,806,953,815,950,852,832,843
;
550,808,577,808,577,829,550,829
659,808,706,808,706,837,659,837
708,814,741,814,741,834,708,834
750,812,832,815,831,838,749,834
955,817,1010,817,1010,840,955,840
1060,814,1127,814,1127,843,1060,843
;
1010,817,1057,817,1057,846,1010,846
;
304,834,351,834,351,864,304,864
352,829,416,838,411,874,347,865
410,832,454,832,454,864,410,864
468,837,498,837,498,864,468,864
500,840,550,840,550,873,500,873
553,837,618,837,618,867,553,867
624,837,752,837,752,875,624,875
761,840,793,840,793,870,761,870
;
796,849,870,849,870,873,796,873
873,846,902,846,902,873,873,873
;
902,852,990,852,990,884,902,884
1001,849,1127,849,1127,884,1001,884
;
301,864,369,864,369,896,301,896
366,867,468,867,468,905,366,905
471,866,584,871,582,905,470,900
;
585,878,691,878,691,914,585,914
694,881,741,881,741,911,694,911
744,875,782,875,782,905,744,905
785,875,843,875,843,908,785,908
844,881,968,874,970,910,846,917
975,890,1004,890,1004,911,975,911
1007,881,1037,881,1037,911,1007,911
1038,880,1089,884,1086,915,1035,910
1092,884,1127,884,1127,914,1092,914
;
301,902,348,902,348,928,301,928
342,901,420,905,418,935,341,931
430,905,459,905,459,934,430,934
;
459,911,509,911,509,940,459,940
575,913,678,906,680,937,577,944
700,911,741,911,741,940,700,940
738,911,802,911,802,943,738,943
;
509,914,571,914,571,940,509,940
682,916,697,916,697,937,682,937
819,916,969,913,970,946,820,949
975,919,1086,919,1086,946,975,946
1092,919,1130,919,1130,949,1092,949
;
298,931,339,931,339,963,298,963
343,934,436,944,432,976,340,966
439,946,459,946,459,972,439,972
454,933,604,938,603,972,453,968
600,943,659,943,659,972,600,972
659,943,685,943,685,972,659,972
735,946,761,946,761,972,735,972
;
682,949,732,949,732,978,682,978
764,946,881,946,881,978,764,978
884,946,925,946,925,978,884,978
928,949,1007,949,1007,981,928,981
1014,949,1128,953,1127,984,1013,981
;
301,966,333,966,333,999,301,999
337,970,429,977,427,1006,334,998
;
427,981,442,981,442,1001,427,1001
442,978,492,978,492,1010,442,1010
495,972,521,972,521,1004,495,1004
521,971,625,978,623,1016,519,1009
624,981,673,981,673,1013,624,1013
673,978,700,978,700,1007,673,1007
697,978,738,978,738,1007,697,1007
739,976,833,984,831,1014,736,1007
;
881,990,928,990,928,1019,881,1019
928,990,987,990,987,1022,928,1022
990,982,1074,989,1072,1023,987,1016
;
1075,993,1122,993,1122,1025,1075,1025
;
298,1010,366,1010,366,1040,298,1040
372,1016,421,1016,421,1037,372,1037
418,1013,468,1013,468,1042,418,1042
471,1010,665,1010,665,1045,471,1045
670,1002,792,1017,787,1056,665,1041
;
788,1025,840,1025,840,1045,788,1045
881,1025,934,1025,934,1054,881,1054
934,1028,993,1028,993,1054,934,1054
991,1024,1077,1021,1079,1051,993,1055
1075,1028,1127,1024,1130,1054,1078,1058
;
301,1040,331,1040,331,1069,301,1069
336,1040,448,1040,448,1078,336,1078
486,1042,556,1042,556,1075,486,1075
565,1045,721,1049,720,1084,564,1079
;
785,1057,866,1049,869,1083,789,1091
;
468,1051,486,1051,486,1072,468,1072
;
741,1054,788,1054,788,1086,741,1086
870,1054,937,1054,937,1083,870,1083
960,1057,1010,1057,1010,1083,960,1083
1007,1057,1078,1057,1078,1086,1007,1086
1083,1057,1125,1057,1125,1089,1083,1089
;
295,1081,448,1081,448,1110,295,1110
489,1086,539,1086,539,1116,489,1116
536,1086,597,1086,597,1116,536,1116
599,1086,702,1082,704,1113,600,1117
708,1083,735,1083,735,1113,708,1113
814,1086,855,1086,855,1116,814,1116
;
735,1092,814,1092,814,1119,735,1119
855,1089,975,1089,975,1119,855,1119
998,1098,1111,1087,1114,1121,1002,1132
;
301,1110,333,1110,333,1139,301,1139
333,1110,363,1110,363,1139,333,1139
366,1110,465,1110,465,1148,366,1148
471,1116,550,1116,550,1145,471,1145
597,1116,644,1116,644,1145,597,1145
665,1116,706,1116,706,1148,665,1148
;
562,1125,594,1125,594,1145,562,1145
650,1127,665,1127,665,1148,650,1148
706,1124,793,1117,795,1150,709,1158
796,1122,899,1122,899,1154,796,1154
919,1130,955,1130,955,1154,919,1154
960,1127,1083,1127,1083,1157,960,1157
1092,1127,1125,1127,1125,1157,1092,1157
;
298,1145,416,1145,416,1177,298,1177
421,1157,454,1157,454,1177,421,1177
457,1148,518,1148,518,1180,457,1180
521,1151,550,1151,550,1180,521,1180
553,1151,591,1151,591,1180,553,1180
597,1151,662,1151,662,1183,597,1183
670,1154,697,1154,697,1183,670,1183
;
700,1157,779,1157,779,1186,700,1186
782,1157,852,1157,852,1186,782,1186
855,1160,881,1160,881,1186,855,1186
884,1160,978,1160,978,1192,884,1192
999,1163,1122,1163,1122,1192,999,1192
;
298,1186,375,1186,375,1212,298,1212
377,1189,395,1189,395,1212,377,1212
394,1178,475,1193,468,1229,387,1214
470,1188,575,1181,578,1215,472,1223
577,1189,603,1189,603,1218,577,1218
711,1192,788,1192,788,1221,711,1221
797,1190,897,1197,895,1228,795,1221
;
603,1195,653,1195,653,1224,603,1224
650,1195,711,1195,711,1224,650,1224
908,1195,1069,1195,1069,1227,908,1227
1070,1196,1126,1200,1124,1231,1067,1227
;
296,1216,408,1220,407,1249,295,1244
;
407,1227,471,1227,471,1250,407,1250
471,1227,518,1227,518,1256,471,1256
521,1230,638,1230,638,1253,521,1253
638,1233,650,1233,650,1250,638,1250
659,1230,745,1237,743,1261,657,1254
747,1236,761,1236,761,1262,747,1262
761,1227,858,1227,858,1262,761,1262
855,1230,887,1230,887,1259,855,1259
887,1239,943,1239,943,1259,887,1259
940,1230,1044,1234,1042,1266,939,1261
1042,1233,1110,1233,1110,1262,1042,1262
;
295,1250,322,1250,322,1280,295,1280
322,1250,348,1250,348,1280,322,1280
345,1250,410,1250,410,1283,345,1283
427,1256,530,1256,530,1286,427,1286
544,1256,574,1256,574,1289,544,1289
;
413,1262,427,1262,427,1289,413,1289
530,1265,544,1265,544,1286,530,1286
571,1265,635,1265,635,1289,571,1289
645,1257,723,1266,719,1302,641,1293
720,1268,782,1268,782,1297,720,1297
782,1262,890,1262,890,1294,782,1294
890,1265,984,1265,984,1297,890,1297
999,1265,1125,1265,1125,1297,999,1297
;
292,1283,333,1283,333,1315,292,1315
;
331,1287,424,1295,421,1328,328,1320
416,1289,448,1289,448,1321,416,1321
448,1289,486,1289,486,1321,448,1321
580,1294,621,1294,621,1324,580,1324
624,1294,697,1294,697,1327,624,1327
;
771,1296,838,1303,834,1334,767,1326
922,1304,1005,1295,1010,1332,927,1341
;
483,1297,583,1297,583,1324,483,1324
;
708,1303,761,1303,761,1327,708,1327
832,1301,923,1305,922,1334,830,1330
1004,1306,1113,1306,1113,1338,1004,1338
;
368,1330,532,1325,533,1360,369,1365
;
749,1327,849,1339,844,1378,744,1365
;
292,1330,372,1330,372,1359,292,1359
533,1330,562,1330,562,1359,533,1359
565,1335,612,1335,612,1365,565,1365
612,1335,670,1335,670,1365,612,1365
670,1330,750,1330,750,1362,670,1362
843,1335,873,1335,873,1365,843,1365
870,1335,922,1335,922,1365,870,1365
934,1335,1066,1335,1066,1368,934,1368
;
1066,1344,1127,1344,1127,1371,1066,1371
;
292,1362,322,1362,322,1385,292,1385
322,1355,441,1360,439,1398,321,1393
435,1365,550,1361,551,1394,436,1397
550,1365,574,1365,574,1394,550,1394
571,1365,641,1365,641,1394,571,1394
;
700,1368,761,1368,761,1397,700,1397
;
776,1377,854,1369,858,1403,780,1411
;
641,1371,688,1371,688,1397,641,1397
691,1376,706,1376,706,1397,691,1397
764,1379,779,1379,779,1397,764,1397
858,1371,966,1371,966,1403,858,1403
984,1374,1089,1374,1089,1406,984,1406
1092,1374,1127,1374,1127,1406,1092,1406
;
966,1382,984,1382,984,1409,966,1409
;
293,1392,379,1397,377,1428,291,1423
395,1397,503,1397,503,1426,395,1426
503,1400,583,1400,583,1429,503,1429
578,1402,681,1395,684,1429,580,1436
;
685,1409,720,1409,720,1432,685,1432
726,1403,834,1403,834,1444,726,1444
849,1406,949,1406,949,1435,849,1435
949,1406,975,1406,975,1435,949,1435
978,1409,1075,1409,1075,1438,978,1438
1078,1409,1127,1409,1127,1438,1078,1438
;
291,1418,433,1429,430,1466,288,1455
452,1426,555,1433,553,1468,449,1461
;
430,1441,451,1441,451,1467,430,1467
568,1435,597,1435,597,1464,568,1464
601,1431,702,1437,699,1471,598,1465
720,1441,785,1441,785,1467,720,1467
788,1441,905,1441,905,1470,788,1470
905,1441,937,1441,937,1470,905,1470
;
553,1444,571,1444,571,1470,553,1470
706,1447,720,1447,720,1473,706,1473
940,1444,1028,1444,1028,1473,940,1473
1037,1444,1066,1444,1066,1473,1037,1473
;
1066,1450,1125,1450,1125,1482,1066,1482
;
407,1465,528,1470,527,1502,406,1497
;
527,1470,603,1470,603,1500,527,1500
602,1469,674,1480,670,1510,597,1499
715,1479,802,1471,804,1505,718,1512
;
290,1473,325,1473,325,1494,290,1494
331,1473,407,1473,407,1494,331,1494
;
670,1479,717,1479,717,1511,670,1511
802,1476,963,1476,963,1508,802,1508
963,1476,996,1476,996,1508,963,1508
1001,1479,1028,1479,1028,1508,1001,1508
1031,1479,1081,1479,1081,1508,1031,1508
1089,1482,1125,1482,1125,1511,1089,1511
;
287,1497,328,1497,328,1526,287,1526
328,1497,420,1504,418,1535,326,1528
;
423,1499,501,1512,495,1547,417,1534
498,1511,556,1511,556,1541,498,1541
557,1511,676,1503,678,1537,559,1545
673,1508,700,1508,700,1538,673,1538
703,1508,735,1508,735,1538,703,1538
732,1508,785,1508,785,1538,732,1538
782,1508,826,1508,826,1538,782,1538
934,1511,1054,1511,1054,1543,934,1543
;
826,1514,933,1521,931,1547,825,1540
1060,1523,1125,1523,1125,1546,1060,1546
;
600,1533,707,1551,701,1590,593,1572
;
287,1536,350,1540,348,1569,285,1564
345,1535,459,1535,459,1570,345,1570
;
457,1543,565,1543,565,1579,457,1579
568,1543,597,1543,597,1573,568,1573
706,1543,761,1543,761,1582,706,1582
755,1543,855,1543,855,1584,755,1584
855,1546,884,1546,884,1579,855,1579
881,1552,946,1552,946,1584,881,1584
949,1549,1031,1549,1031,1582,949,1582
1042,1549,1066,1549,1066,1579,1042,1579
;
1072,1558,1125,1558,1125,1590,1072,1590
;
292,1582,366,1582,366,1605,292,1605
;
1072,1590,1122,1590,1122,1617,1072,1617
;
46,1801,114,1801,114,1828,46,1828
;
257,1831,418,1831,418,1860,257,1860
430,1831,547,1831,547,1860,430,1860
;
