369,132,453,132,453,167,369,167
766,122,1018,134,1015,190,763,178
;
314,135,358,135,358,164,314,164
450,132,560,132,560,164,450,164
572,135,681,135,681,164,572,164
693,132,762,132,762,170,693,170
;
271,144,314,144,314,161,271,161
1020,138,1188,143,1186,181,1018,176
;
104,178,322,169,325,223,107,232
436,173,540,173,540,213,436,213
;
551,173,592,173,592,210,551,210
;
700,190,839,182,842,231,703,240
858,182,932,191,928,229,854,220
;
364,184,427,184,427,210,364,210
596,188,655,183,657,206,598,211
667,187,684,187,684,210,667,210
;
936,193,1112,193,1112,222,936,222
;
1112,202,1184,202,1184,234,1112,234
;
73,238,357,208,365,286,82,315
;
364,219,528,219,528,274,364,274
534,230,622,235,620,261,533,257
626,234,699,234,699,257,626,257
713,238,864,215,871,263,720,286
873,228,1087,239,1085,287,871,277
;
268,280,343,280,343,300,268,300
364,277,496,277,496,314,364,314
499,280,612,280,612,309,499,309
615,280,808,280,808,312,615,312
823,277,881,277,881,317,823,317
879,280,949,276,952,309,881,313
1051,236,1187,236,1187,346,1051,346
;
944,280,1060,280,1060,343,944,343
;
187,320,332,320,332,358,187,358
346,339,445,307,460,355,361,386
898,323,959,323,959,364,898,364
;
722,326,892,326,892,384,722,384
;
447,332,583,332,583,369,447,369
592,329,629,329,629,358,592,358
638,329,722,329,722,366,638,366
967,340,996,340,996,361,967,361
1028,338,1071,338,1071,364,1028,364
1064,329,1162,333,1161,370,1062,366
;
401,378,468,378,468,398,401,398
473,372,569,372,569,410,473,410
661,375,759,375,759,407,661,407
830,378,1093,364,1096,411,832,424
1100,375,1167,375,1167,407,1100,407
;
583,381,658,381,658,427,583,427
;
771,381,832,381,832,407,771,407
;
327,396,515,402,514,451,325,446
;
528,427,589,427,589,462,528,462
592,416,754,416,754,459,592,459
759,421,860,421,860,465,759,465
860,430,927,430,927,453,860,453
930,427,991,434,987,464,926,456
990,427,1051,427,1051,453,990,453
1049,428,1157,420,1160,458,1052,466
;
586,472,732,449,739,499,593,521
833,446,1052,479,1044,534,825,501
;
184,465,248,465,248,482,184,482
257,460,343,471,340,496,254,485
366,459,476,459,476,502,366,502
473,470,574,470,574,496,473,496
;
739,473,820,473,820,511,739,511
1048,479,1164,479,1164,520,1048,520
;
239,502,346,502,346,534,239,534
;
436,508,631,517,628,568,434,558
931,511,1157,527,1154,567,929,551
;
366,514,430,514,430,543,366,543
;
644,515,767,526,763,573,640,561
;
767,521,886,517,887,548,768,553
889,517,924,517,924,551,889,551
;
71,558,320,526,329,597,81,630
;
314,543,392,543,392,595,314,595
;
906,553,984,579,968,626,890,600
;
387,563,468,563,468,595,387,595
473,563,592,563,592,598,473,598
;
792,572,898,567,900,611,794,616
1003,575,1166,565,1169,615,1006,625
;
598,569,615,569,615,589,598,589
618,569,664,569,664,592,618,592
681,569,742,569,742,606,681,606
745,569,791,569,791,598,745,598
973,577,1005,577,1005,612,973,612
;
185,610,249,601,253,631,189,640
372,603,505,603,505,652,372,652
510,604,667,599,668,637,511,642
;
647,609,739,609,739,690,647,690
;
248,612,300,612,300,632,248,632
739,615,768,615,768,644,739,644
;
768,618,875,618,875,664,768,664
879,621,987,617,989,655,881,659
982,624,1106,624,1106,661,982,661
1112,621,1201,621,1201,664,1112,664
;
283,655,329,655,329,681,283,681
338,650,456,650,456,684,338,684
;
531,658,592,658,592,704,531,704
586,662,655,656,659,703,590,709
777,655,855,655,855,699,777,699
;
470,664,531,664,531,696,470,696
730,664,774,664,774,690,730,690
869,658,921,658,921,690,869,690
;
915,664,1063,664,1063,707,915,707
1068,664,1129,664,1129,704,1068,704
;
361,700,438,705,435,755,358,750
434,693,554,703,550,757,430,747
548,704,624,704,624,733,548,733
636,696,801,708,798,748,633,736
797,704,855,704,855,733,797,733
858,704,915,704,915,751,858,751
910,699,993,699,993,736,910,736
999,704,1106,704,1106,748,999,748
;
83,707,312,707,312,777,83,777
;
1112,710,1161,710,1161,736,1112,736
;
366,754,418,754,418,780,366,780
430,754,491,754,491,788,430,788
492,754,563,750,564,776,494,780
661,748,710,748,710,782,661,782
711,753,894,744,896,782,713,792
901,751,950,751,950,782,901,782
950,756,993,756,993,780,950,780
990,754,1045,754,1045,780,990,780
1048,756,1109,756,1109,794,1048,794
1109,754,1175,754,1175,782,1109,782
;
440,796,631,786,634,828,442,839
728,791,843,791,843,834,728,834
910,797,956,797,956,829,910,829
968,787,1179,793,1178,837,966,832
;
343,797,517,797,517,941,343,941
;
644,803,725,803,725,823,644,823
849,804,908,797,913,835,853,842
;
647,832,725,832,725,884,647,884
746,824,830,852,814,898,731,870
;
833,836,1061,848,1057,931,828,919
;
514,842,647,847,646,892,512,888
971,850,1056,839,1062,881,976,892
1063,849,1175,849,1175,892,1063,892
;
442,878,543,878,543,938,442,938
736,889,811,889,811,921,736,921
814,886,863,886,863,924,814,924
;
482,892,661,892,661,967,482,967
;
658,898,690,898,690,918,658,918
699,892,736,892,736,918,699,918
;
1089,901,1178,901,1178,941,1089,941
;
696,933,756,933,756,970,696,970
;
954,941,1073,934,1076,978,957,985
;
248,938,338,941,338,962,247,959
338,950,355,950,355,976,338,976
364,938,479,938,479,967,364,967
632,938,678,938,678,970,632,970
762,941,872,941,872,967,762,967
886,941,953,941,953,982,886,982
1080,944,1135,944,1135,967,1080,967
;
256,984,343,979,344,1005,257,1010
;
352,979,476,979,476,1031,352,1031
;
479,982,632,982,632,1011,479,1011
;
647,988,699,988,699,1016,647,1016
696,982,794,982,794,1034,696,1034
791,993,811,993,811,1011,791,1011
829,982,937,988,935,1022,828,1017
947,982,1060,982,1060,1019,947,1019
1057,996,1071,996,1071,1014,1057,1014
1083,985,1152,985,1152,1022,1083,1022
;
362,1034,516,1028,518,1069,364,1075
511,1037,589,1037,589,1071,511,1071
589,1040,701,1033,703,1071,592,1078
703,1036,804,1020,812,1071,711,1087
826,1012,1155,1045,1149,1102,820,1070
;
144,1082,273,1068,277,1102,148,1117
271,1074,338,1074,338,1100,271,1100
690,1071,794,1071,794,1115,690,1115
;
476,1074,566,1074,566,1152,476,1152
;
563,1078,688,1082,687,1113,562,1109
800,1080,1008,1080,1008,1118,800,1118
1132,1077,1170,1077,1170,1112,1132,1112
;
1004,1087,1134,1080,1136,1128,1006,1134
;
456,1086,476,1086,476,1103,456,1103
;
80,1086,150,1086,150,1120,80,1120
;
127,1138,264,1099,278,1149,141,1188
543,1116,717,1128,715,1162,541,1150
;
286,1118,346,1118,346,1152,286,1152
364,1118,430,1118,430,1152,364,1152
444,1118,488,1118,488,1149,444,1149
;
72,1123,135,1123,135,1172,72,1172
268,1132,288,1132,288,1149,268,1149
713,1132,814,1132,814,1155,713,1155
820,1135,837,1135,837,1152,820,1152
840,1123,886,1123,886,1158,840,1158
889,1123,996,1123,996,1164,889,1164
1011,1132,1100,1132,1100,1167,1011,1167
1100,1132,1155,1132,1155,1161,1100,1161
;
366,1164,413,1164,413,1196,366,1196
494,1164,570,1170,568,1204,492,1198
661,1167,713,1167,713,1204,661,1204
709,1165,825,1179,820,1217,704,1203
;
961,1176,1146,1171,1149,1260,963,1265
;
430,1172,494,1172,494,1196,430,1196
598,1172,661,1172,661,1204,598,1204
;
814,1181,860,1181,860,1250,814,1250
849,1175,959,1175,959,1250,849,1250
;
452,1196,646,1213,641,1269,447,1252
;
293,1220,360,1215,362,1237,294,1242
364,1210,442,1210,442,1239,364,1239
;
647,1222,782,1222,782,1256,647,1256
927,1219,996,1219,996,1262,927,1262
;
185,1257,272,1262,271,1287,183,1282
312,1259,338,1259,338,1300,312,1300
352,1256,439,1256,439,1294,352,1294
436,1262,569,1262,569,1291,436,1291
580,1262,650,1262,650,1291,580,1291
670,1250,768,1250,768,1291,670,1291
1063,1261,1153,1265,1152,1295,1062,1291
;
772,1263,822,1268,820,1295,769,1290
817,1262,924,1262,924,1305,817,1305
915,1268,1028,1268,1028,1305,915,1305
1028,1265,1060,1265,1060,1291,1028,1291
;
439,1302,520,1302,520,1349,439,1349
882,1323,979,1296,991,1337,893,1365
990,1301,1067,1313,1061,1357,983,1345
;
355,1305,433,1305,433,1337,355,1337
525,1305,687,1305,687,1349,525,1349
;
210,1308,291,1308,291,1328,210,1328
693,1311,751,1311,751,1337,693,1337
;
739,1314,803,1314,803,1357,739,1357
;
797,1314,846,1314,846,1340,797,1340
855,1314,901,1314,901,1343,855,1343
1060,1314,1181,1314,1181,1357,1060,1357
;
210,1354,317,1354,317,1395,210,1395
358,1352,569,1352,569,1392,358,1392
572,1352,678,1352,678,1395,572,1395
676,1357,710,1357,710,1389,676,1389
716,1360,777,1360,777,1383,716,1383
778,1361,912,1353,914,1388,780,1396
921,1358,1020,1362,1019,1393,920,1389
;
1025,1363,1074,1363,1074,1404,1025,1404
1071,1363,1175,1363,1175,1395,1071,1395
;
200,1395,294,1391,296,1429,202,1434
;
355,1401,398,1401,398,1432,355,1432
410,1404,505,1404,505,1435,410,1435
508,1406,563,1406,563,1444,508,1444
560,1406,583,1406,583,1438,560,1438
589,1404,687,1404,687,1441,589,1441
722,1400,893,1404,892,1448,721,1444
886,1406,985,1406,985,1456,886,1456
991,1412,1156,1419,1155,1443,990,1436
;
995,1440,1132,1460,1126,1500,989,1480
;
184,1455,329,1452,329,1476,184,1479
332,1449,465,1453,464,1485,331,1481
473,1450,517,1450,517,1482,473,1482
522,1458,543,1458,543,1476,522,1476
552,1450,705,1455,704,1483,551,1479
702,1450,751,1450,751,1487,702,1487
756,1456,840,1456,840,1484,756,1484
846,1444,878,1444,878,1479,846,1479
886,1458,938,1458,938,1482,886,1482
938,1447,976,1447,976,1479,938,1479
;
522,1486,627,1502,619,1552,514,1536
;
208,1490,343,1490,343,1539,208,1539
352,1487,459,1487,459,1528,352,1528
626,1490,684,1490,684,1531,626,1531
;
774,1493,1132,1493,1132,1560,774,1560
;
470,1502,522,1502,522,1522,470,1522
678,1502,728,1502,728,1525,678,1525
;
259,1532,358,1548,353,1582,254,1567
354,1529,507,1541,503,1594,350,1582
514,1536,586,1536,586,1580,514,1580
589,1548,650,1548,650,1580,589,1580
668,1528,763,1546,753,1596,658,1578
765,1551,846,1551,846,1580,765,1580
;
847,1552,918,1561,914,1588,844,1580
924,1557,1014,1557,1014,1583,924,1583
1025,1554,1083,1554,1083,1580,1025,1580
1083,1557,1126,1557,1126,1586,1083,1586
1129,1560,1167,1560,1167,1580,1129,1580
;
569,1591,676,1591,676,1629,569,1629
684,1593,769,1597,768,1630,683,1626
785,1588,846,1588,846,1620,785,1620
843,1588,910,1588,910,1623,843,1623
;
436,1594,566,1594,566,1640,436,1640
1023,1601,1149,1594,1151,1632,1025,1638
;
288,1597,355,1597,355,1620,288,1620
384,1600,439,1600,439,1626,384,1626
915,1600,1022,1600,1022,1626,915,1626
;
