76,84,294,57,301,113,83,140
;
72,135,326,119,330,176,76,192
353,142,399,142,399,168,353,168
399,144,484,144,484,182,399,182
487,147,645,137,647,172,490,182
652,147,698,147,698,176,652,176
757,153,852,137,858,172,763,188
857,121,1034,121,1034,194,857,194
1034,139,1159,139,1159,185,1034,185
;
701,150,756,150,756,188,701,188
;
767,203,893,190,898,232,772,245
;
76,200,210,211,207,252,72,242
206,205,283,200,285,230,209,236
350,194,440,194,440,231,350,231
437,191,518,191,518,220,437,220
527,197,637,197,637,220,527,220
646,199,727,199,727,234,646,234
727,194,762,194,762,226,727,226
890,196,1110,203,1109,242,888,236
1113,194,1170,194,1170,226,1113,226
;
353,243,426,243,426,281,353,281
423,240,515,240,515,269,423,269
518,237,582,237,582,269,518,269
585,237,701,237,701,286,585,286
713,237,834,237,834,272,713,272
834,246,907,246,907,272,834,272
907,243,973,243,973,275,907,275
985,241,1137,246,1135,287,984,282
;
73,261,170,253,173,292,76,300
;
346,287,494,279,497,320,348,328
539,279,657,289,654,322,537,312
669,286,710,286,710,318,669,318
777,281,929,295,925,337,773,322
948,284,1071,296,1067,336,944,325
1075,289,1165,289,1165,321,1075,321
;
716,291,909,298,906,375,713,367
;
347,333,469,333,469,362,347,362
495,315,616,339,606,390,484,366
620,332,708,336,706,366,619,362
980,334,1126,345,1123,379,977,367
;
904,347,921,347,921,365,904,365
921,342,976,342,976,385,921,385
1133,350,1197,350,1197,373,1133,373
;
263,391,307,391,307,411,263,411
344,382,542,382,542,426,344,426
544,397,582,397,582,417,544,417
585,391,634,391,634,417,585,417
634,382,675,382,675,414,634,414
675,388,733,388,733,428,675,428
736,379,826,379,826,420,736,420
826,385,913,385,913,428,826,428
913,382,965,382,965,426,913,426
968,382,1159,382,1159,417,968,417
;
1141,423,1176,423,1176,440,1141,440
;
344,434,414,434,414,463,344,463
414,440,481,440,481,466,414,466
495,431,597,431,597,478,495,478
591,431,652,431,652,463,591,463
652,446,681,446,681,466,652,466
695,440,744,440,744,466,695,466
750,433,919,437,918,470,750,466
928,447,1051,435,1055,480,932,491
1049,443,1078,443,1078,466,1049,466
1089,440,1176,440,1176,475,1089,475
;
347,475,391,475,391,515,347,515
394,484,484,484,484,515,394,515
484,492,504,492,504,515,484,515
504,492,559,492,559,515,504,515
576,481,759,481,759,515,576,515
759,481,837,481,837,521,759,521
838,487,944,482,946,523,840,528
953,492,991,492,991,521,953,521
991,481,1066,481,1066,515,991,515
1072,481,1179,481,1179,524,1072,524
;
681,540,841,510,859,603,699,633
;
418,537,559,517,565,561,424,581
;
968,521,985,521,985,539,968,539
;
191,536,269,536,269,553,191,553
339,533,420,533,420,562,339,562
567,536,752,526,754,564,569,573
846,530,933,530,933,579,846,579
936,530,1034,530,1034,570,936,570
1037,542,1060,542,1060,559,1037,559
1072,542,1095,542,1095,559,1072,559
1102,525,1190,533,1188,566,1099,558
;
347,579,443,579,443,608,347,608
452,576,634,576,634,620,452,620
640,582,698,582,698,608,640,608
814,579,904,579,904,623,814,623
905,579,1178,566,1180,614,907,627
;
200,619,320,628,318,654,198,645
391,620,463,620,463,655,391,655
478,626,521,626,521,657,478,657
515,632,598,620,604,657,520,669
591,623,742,623,742,663,591,663
979,623,1098,623,1098,657,979,657
1107,626,1168,626,1168,657,1107,657
;
743,635,985,629,986,703,745,708
;
347,634,376,634,376,655,347,655
;
252,665,322,669,321,696,250,692
350,666,388,666,388,701,350,701
395,658,559,674,554,719,390,703
562,678,631,678,631,704,562,704
637,672,672,672,672,701,637,701
676,670,738,676,735,706,673,700
811,681,895,681,895,710,811,710
907,669,941,669,941,704,907,704
939,678,1055,678,1055,713,939,713
1054,679,1167,667,1171,705,1058,717
;
344,721,437,721,437,765,344,765
447,722,613,713,615,748,449,757
623,715,768,715,768,756,623,756
776,718,843,718,843,750,776,750
849,727,907,727,907,759,849,759
907,724,924,724,924,750,907,750
924,724,997,724,997,750,924,750
999,718,1063,718,1063,750,999,750
1065,714,1176,725,1173,758,1061,747
;
347,773,373,773,373,811,347,811
376,776,431,776,431,797,376,797
434,765,521,765,521,805,434,805
515,762,605,762,605,808,515,808
611,759,670,769,665,803,605,793
669,765,744,765,744,797,669,797
756,764,876,768,875,803,755,798
886,768,962,768,962,799,886,799
971,757,1111,766,1109,808,968,799
1113,776,1176,776,1176,811,1113,811
;
342,808,443,808,443,857,342,857
449,811,666,811,666,860,449,860
672,820,710,820,710,840,672,840
713,811,1023,811,1023,852,713,852
1026,809,1172,814,1170,853,1025,847
;
347,855,402,855,402,884,347,884
449,852,527,852,527,886,449,886
539,855,573,855,573,884,539,884
576,855,649,855,649,886,576,886
715,855,750,855,750,889,715,889
849,855,968,855,968,889,849,889
;
982,857,1057,857,1057,904,982,904
;
275,860,310,860,310,878,275,878
655,863,710,863,710,895,655,895
747,860,837,860,837,895,747,895
1055,869,1144,869,1144,889,1055,889
;
420,889,460,889,460,933,420,933
;
347,910,420,910,420,933,347,933
466,904,594,904,594,944,466,944
611,901,828,901,828,953,611,953
837,913,898,913,898,947,837,947
893,907,1028,899,1030,938,895,945
1030,896,1175,907,1172,947,1027,936
;
313,941,426,941,426,985,313,985
420,950,522,956,521,984,419,979
530,944,626,944,626,994,530,994
663,965,710,965,710,982,663,982
744,968,791,968,791,985,744,985
;
307,1005,353,1005,353,1031,307,1031
362,994,457,994,457,1037,362,1037
464,992,555,1010,546,1058,455,1041
540,1004,672,989,678,1035,545,1050
747,1008,768,1008,768,1037,747,1037
783,1009,921,1001,923,1039,785,1047
997,1002,1034,1002,1034,1031,997,1031
1033,988,1168,1000,1164,1045,1029,1034
;
101,1008,231,1008,231,1060,101,1060
678,1008,744,1008,744,1043,678,1043
;
930,1011,994,1011,994,1031,930,1031
;
263,1049,327,1049,327,1092,263,1092
353,1043,411,1043,411,1078,353,1078
412,1049,563,1056,561,1095,410,1088
559,1052,637,1052,637,1081,559,1081
634,1049,715,1049,715,1089,634,1089
725,1057,832,1042,838,1082,731,1097
838,1058,900,1052,904,1090,841,1097
904,1046,976,1046,976,1086,904,1086
979,1040,1098,1040,1098,1095,979,1095
1101,1057,1159,1057,1159,1078,1101,1078
;
346,1084,607,1102,603,1154,342,1136
602,1092,736,1092,736,1144,602,1144
733,1098,918,1098,918,1130,733,1130
924,1101,991,1101,991,1127,924,1127
990,1099,1068,1081,1077,1124,999,1141
1076,1095,1152,1091,1155,1126,1078,1131
;
205,1150,284,1150,284,1173,205,1173
348,1139,623,1144,623,1180,347,1174
620,1153,751,1125,763,1179,631,1207
756,1144,817,1144,817,1188,756,1188
820,1136,953,1136,953,1179,820,1179
959,1144,999,1144,999,1170,959,1170
999,1139,1159,1139,1159,1176,999,1176
;
253,1180,327,1188,323,1219,249,1210
347,1173,530,1173,530,1228,347,1228
542,1185,718,1185,718,1223,542,1223
727,1191,892,1191,892,1217,727,1217
892,1182,991,1182,991,1214,892,1214
997,1182,1147,1182,1147,1220,997,1220
;
347,1243,431,1243,431,1269,347,1269
443,1246,466,1246,466,1269,443,1269
469,1243,585,1243,585,1266,469,1266
593,1236,817,1232,817,1266,594,1270
830,1235,1143,1221,1146,1270,832,1284
;
336,1281,620,1281,620,1324,336,1324
614,1286,692,1286,692,1321,614,1321
701,1281,913,1281,913,1327,701,1327
915,1279,1001,1272,1006,1322,919,1329
993,1283,1154,1269,1158,1309,997,1323
;
295,1339,336,1339,336,1359,295,1359
343,1328,518,1323,520,1372,345,1378
863,1339,901,1339,901,1356,863,1356
898,1333,991,1333,991,1362,898,1362
;
286,1365,333,1365,333,1411,286,1411
330,1377,444,1385,442,1413,329,1405
446,1388,478,1388,478,1408,446,1408
475,1362,646,1362,646,1423,475,1423
649,1382,733,1382,733,1405,649,1405
730,1376,770,1376,770,1405,730,1405
770,1370,797,1370,797,1402,770,1402
811,1370,1121,1370,1121,1417,811,1417
1110,1365,1176,1365,1176,1423,1110,1423
;
348,1416,528,1423,527,1462,346,1454
598,1417,714,1427,711,1463,595,1452
718,1423,759,1423,759,1452,718,1452
765,1428,860,1428,860,1469,765,1469
856,1429,944,1424,946,1462,858,1467
953,1423,1005,1423,1005,1463,953,1463
1002,1420,1136,1420,1136,1452,1002,1452
;
530,1434,588,1434,588,1472,530,1472
;
524,1469,628,1469,628,1498,524,1498
646,1460,689,1460,689,1498,646,1498
689,1469,788,1469,788,1498,689,1498
794,1472,875,1472,875,1498,794,1498
872,1466,1153,1461,1154,1494,872,1499
;
342,1475,399,1475,399,1507,342,1507
405,1475,518,1475,518,1510,405,1510
;
344,1518,385,1518,385,1547,344,1547
391,1518,452,1518,452,1547,391,1547
543,1519,725,1504,729,1544,546,1559
733,1518,797,1518,797,1547,733,1547
805,1518,852,1518,852,1544,805,1544
848,1520,988,1503,993,1541,852,1558
989,1518,1083,1506,1088,1543,994,1555
;
460,1524,542,1524,542,1559,460,1559
;
338,1569,458,1555,463,1600,343,1613
495,1568,550,1568,550,1605,495,1605
550,1562,646,1562,646,1597,550,1597
666,1568,724,1568,724,1605,666,1605
733,1565,814,1565,814,1591,733,1591
826,1559,863,1559,863,1588,826,1588
866,1562,953,1562,953,1591,866,1591
962,1553,1156,1553,1156,1597,962,1597
;
161,1610,268,1593,273,1628,167,1644
342,1611,385,1611,385,1637,342,1637
496,1592,667,1596,666,1647,494,1643
666,1602,730,1602,730,1634,666,1634
739,1602,828,1602,828,1643,739,1643
828,1605,947,1605,947,1637,828,1637
;
385,1614,495,1614,495,1652,385,1652
;
