302,110,399,105,401,143,304,148
;
119,128,306,113,309,152,122,166
;
530,130,660,130,660,188,530,188
;
664,143,827,149,825,203,662,198
;
371,144,443,144,443,185,371,185
446,144,524,144,524,179,446,179
;
318,147,359,147,359,168,318,168
;
834,153,918,153,918,182,834,182
929,156,1072,152,1073,185,930,189
;
1075,153,1188,153,1188,199,1075,199
;
108,172,265,183,262,229,105,218
;
505,182,668,191,666,230,503,220
;
362,195,477,183,482,236,368,248
472,197,504,197,504,231,472,231
663,199,692,199,692,234,663,234
710,199,770,199,770,226,710,226
768,197,884,197,884,231,768,231
884,202,924,202,924,231,884,231
1095,199,1170,199,1170,231,1095,231
;
927,202,1008,202,1008,240,927,240
1017,202,1089,202,1089,231,1017,231
;
371,240,556,240,556,281,371,281
710,234,765,234,765,281,710,281
846,236,983,242,982,280,845,275
;
553,240,614,240,614,292,553,292
614,243,701,243,701,281,614,281
;
304,246,373,246,373,266,304,266
759,243,834,243,834,275,759,275
;
982,252,1057,252,1057,278,982,278
;
1052,255,1118,255,1118,298,1052,298
;
1115,257,1153,257,1153,278,1115,278
;
611,311,797,283,810,365,623,393
;
372,284,500,294,497,334,368,324
787,299,903,287,907,325,791,338
1005,292,1063,292,1063,327,1005,327
;
310,295,362,295,362,315,310,315
;
504,295,559,295,559,336,504,336
559,295,617,295,617,336,559,336
620,295,666,295,666,327,620,327
;
910,298,950,298,950,321,910,321
953,298,997,298,997,324,953,324
1069,298,1156,298,1156,327,1069,327
;
191,330,349,339,347,377,189,368
426,344,502,333,507,366,431,377
504,333,559,333,559,368,504,368
568,336,614,336,614,368,568,368
797,333,828,333,828,365,797,365
834,330,901,330,901,371,834,371
;
907,336,1002,336,1002,385,907,385
;
365,344,420,344,420,371,365,371
999,336,1107,336,1107,373,999,373
1107,342,1185,342,1185,371,1107,371
;
347,396,506,373,513,423,354,446
;
698,379,823,379,823,486,698,486
;
500,394,581,383,585,414,505,425
789,383,892,395,888,432,784,420
;
219,391,338,387,339,411,220,415
591,385,689,385,689,417,591,417
;
895,391,1141,391,1141,423,895,423
;
567,419,701,438,695,483,560,464
;
69,459,514,423,522,527,78,563
523,472,619,484,615,518,519,506
;
621,476,764,488,760,530,617,518
;
951,479,1171,491,1169,539,948,527
;
765,484,849,484,849,513,765,513
863,481,950,481,950,513,863,513
;
159,484,275,521,254,589,138,552
;
235,530,481,510,490,610,243,631
;
532,522,681,539,670,633,521,616
811,530,1014,530,1014,623,811,623
988,530,1185,530,1185,620,988,620
;
475,533,524,533,524,562,475,562
704,536,785,536,785,568,704,568
791,536,834,536,834,565,791,565
;
666,536,762,536,762,617,666,617
;
1008,542,1081,542,1081,568,1008,568
;
130,565,182,565,182,591,130,591
;
475,568,542,568,542,608,475,608
;
762,579,811,579,811,608,762,608
;
63,608,178,587,187,636,72,656
;
211,588,243,588,243,620,211,620
927,588,988,588,988,623,927,623
;
173,597,214,597,214,626,173,626
;
353,609,506,619,500,704,347,694
;
457,611,544,623,538,666,451,653
553,614,591,614,591,655,553,655
585,623,631,623,631,649,585,649
640,620,669,620,669,652,640,652
666,624,771,627,770,655,665,652
;
208,635,309,626,313,666,212,676
307,628,356,628,356,686,307,686
837,626,1020,626,1020,678,837,678
1061,626,1156,636,1151,686,1056,676
;
782,631,843,631,843,660,782,660
;
154,649,217,632,241,721,178,738
;
1023,637,1060,637,1060,660,1023,660
;
495,660,542,660,542,698,495,698
;
809,664,945,667,944,713,808,710
;
542,671,664,676,662,721,540,716
;
675,672,759,672,759,701,675,701
762,672,799,672,799,704,762,704
;
221,687,278,682,280,712,223,717
950,681,1031,681,1031,718,950,718
1037,686,1075,686,1075,704,1037,704
1081,676,1152,684,1149,715,1078,707
;
70,701,179,697,181,750,73,755
;
362,700,453,717,445,763,354,747
450,716,533,712,534,747,452,751
;
281,713,330,713,330,736,281,736
;
1069,713,1162,713,1162,753,1069,753
;
231,715,278,715,278,736,231,736
;
530,718,634,718,634,756,530,756
646,718,686,718,686,747,646,747
685,718,814,715,815,750,686,754
820,721,857,721,857,756,820,756
859,716,949,725,946,759,856,751
;
956,721,1057,721,1057,765,956,765
;
205,753,333,753,333,782,205,782
362,747,460,747,460,785,362,785
;
475,756,568,756,568,794,475,794
;
565,759,646,759,646,808,565,808
649,761,771,766,770,798,648,793
770,759,866,759,866,802,770,802
;
1014,768,1165,768,1165,811,1014,811
;
863,770,1008,770,1008,799,863,799
;
482,787,624,813,616,856,474,830
;
218,792,349,799,347,833,216,825
365,797,428,797,428,828,365,828
;
431,805,478,805,478,831,431,831
;
620,808,684,808,684,840,620,840
;
933,808,1156,808,1156,857,933,857
;
672,808,802,808,802,904,672,904
;
797,814,933,814,933,843,797,843
;
525,841,633,850,629,895,522,886
;
214,846,362,846,362,869,214,869
;
359,846,440,846,440,886,359,886
440,849,489,849,489,878,440,878
492,852,527,852,527,878,492,878
637,849,678,849,678,881,637,881
1063,852,1150,852,1150,886,1063,886
;
907,855,1063,855,1063,947,907,947
;
802,860,878,860,878,884,802,884
878,857,936,857,936,889,878,889
;
194,886,333,886,333,913,194,913
;
333,889,556,889,556,988,333,988
;
667,896,744,904,739,946,663,938
745,896,905,901,903,949,744,944
;
524,898,672,898,672,994,524,994
;
1055,901,1141,901,1141,939,1055,939
;
205,936,295,936,295,968,205,968
;
705,936,883,950,880,992,702,979
;
344,941,405,941,405,976,344,976
;
915,953,1156,953,1156,997,915,997
;
881,956,907,956,907,982,881,982
;
347,988,411,988,411,1020,347,1020
434,988,492,988,492,1023,434,1023
;
655,988,718,988,718,1046,655,1046
;
489,994,539,994,539,1020,489,1020
;
547,997,657,997,657,1028,547,1028
724,994,997,994,997,1040,724,1040
1034,1009,1134,998,1138,1034,1038,1045
;
449,1034,579,1034,579,1069,449,1069
;
585,1037,666,1037,666,1081,585,1081
;
684,1037,797,1037,797,1144,684,1144
;
356,1043,434,1043,434,1066,356,1066
;
855,1043,979,1043,979,1086,855,1086
;
797,1049,860,1049,860,1089,797,1089
1023,1055,1146,1047,1149,1084,1026,1093
;
669,1052,730,1052,730,1072,669,1072
979,1052,1028,1052,1028,1078,979,1078
;
359,1077,453,1081,451,1116,358,1112
;
896,1145,1006,1083,1037,1139,927,1201
;
455,1084,527,1084,527,1115,455,1115
;
614,1086,695,1086,695,1133,614,1133
;
530,1089,570,1089,570,1118,530,1118
794,1092,965,1092,965,1124,794,1124
;
1014,1099,1099,1103,1098,1125,1013,1121
;
1095,1101,1170,1101,1170,1139,1095,1139
;
351,1119,606,1127,605,1169,349,1161
;
849,1130,904,1130,904,1168,849,1168
;
643,1139,714,1144,712,1167,642,1162
710,1139,753,1139,753,1165,710,1165
765,1136,837,1136,837,1173,765,1173
988,1139,1069,1139,1069,1168,988,1168
1066,1141,1147,1141,1147,1170,1066,1170
;
350,1168,405,1168,405,1205,350,1205
402,1173,434,1173,434,1205,402,1205
449,1176,533,1176,533,1205,449,1205
;
536,1182,617,1182,617,1205,536,1205
611,1182,707,1182,707,1208,611,1208
724,1176,768,1176,768,1208,724,1208
768,1188,782,1188,782,1208,768,1208
779,1179,820,1179,820,1211,779,1211
820,1185,878,1185,878,1214,820,1214
880,1183,982,1179,983,1211,881,1215
985,1182,1086,1182,1086,1211,985,1211
1092,1182,1130,1182,1130,1211,1092,1211
;
973,1236,1120,1212,1128,1255,980,1279
;
353,1223,437,1223,437,1249,353,1249
437,1217,486,1217,486,1249,437,1249
;
481,1223,597,1223,597,1255,481,1255
;
605,1228,686,1228,686,1255,605,1255
692,1228,776,1228,776,1255,692,1255
776,1226,843,1226,843,1266,776,1266
846,1226,904,1226,904,1260,846,1260
918,1234,976,1234,976,1263,918,1263
;
352,1253,501,1268,497,1307,348,1291
;
670,1270,772,1279,770,1307,668,1298
;
275,1272,292,1272,292,1286,275,1286
;
507,1272,614,1272,614,1301,507,1301
;
773,1272,1101,1272,1101,1315,773,1315
1110,1272,1165,1272,1165,1321,1110,1321
;
620,1275,666,1275,666,1301,620,1301
;
455,1314,586,1319,585,1360,454,1355
;
168,1318,301,1318,301,1339,168,1339
347,1318,446,1318,446,1347,347,1347
;
597,1318,713,1318,713,1370,597,1370
835,1320,946,1329,943,1363,832,1353
;
707,1324,750,1324,750,1353,707,1353
759,1327,831,1327,831,1368,759,1368
950,1324,1136,1324,1136,1362,950,1362
;
402,1362,515,1362,515,1391,402,1391
710,1357,888,1367,886,1404,708,1394
;
511,1369,701,1363,702,1409,513,1415
;
347,1365,397,1365,397,1394,347,1394
;
237,1391,466,1391,466,1437,237,1437
;
739,1411,901,1411,901,1466,739,1466
;
466,1411,565,1411,565,1510,466,1510
;
547,1417,686,1417,686,1446,547,1446
692,1417,739,1417,739,1446,692,1446
;
898,1423,968,1423,968,1449,898,1449
979,1417,1141,1417,1141,1463,979,1463
;
347,1449,423,1449,423,1484,347,1484
434,1446,469,1446,469,1486,434,1486
;
617,1455,720,1461,718,1492,616,1486
;
800,1456,966,1462,964,1502,799,1496
;
977,1467,1123,1458,1126,1505,979,1514
;
723,1459,801,1469,798,1499,719,1489
;
570,1463,611,1463,611,1484,570,1484
;
353,1507,405,1507,405,1536,353,1536
408,1510,463,1510,463,1541,408,1541
463,1501,628,1501,628,1544,463,1544
634,1504,1023,1504,1023,1550,634,1550
;
1032,1517,1142,1521,1141,1547,1031,1543
;
336,1539,436,1534,439,1587,339,1592
;
654,1537,806,1542,802,1638,651,1633
;
464,1554,648,1543,650,1587,467,1598
1036,1537,1126,1552,1118,1604,1027,1590
;
208,1552,310,1556,310,1577,208,1573
313,1550,330,1550,330,1576,313,1576
;
788,1553,869,1553,869,1591,788,1591
872,1559,933,1559,933,1588,872,1588
936,1559,1023,1559,1023,1588,936,1588
;
556,1588,643,1588,643,1634,556,1634
;
333,1599,420,1599,420,1640,333,1640
437,1605,521,1605,521,1643,437,1643
875,1599,973,1599,973,1634,875,1634
976,1602,1139,1602,1139,1640,976,1640
;
808,1611,855,1611,855,1649,808,1649
852,1614,869,1614,869,1637,852,1637
;
