189,219,281,219,281,245,189,245
281,222,316,222,316,245,281,245
315,220,440,215,442,247,317,252
441,225,512,225,512,248,441,248
527,219,580,219,580,251,527,251
577,219,648,219,648,248,577,248
645,225,683,225,683,251,645,251
681,222,722,222,722,251,681,251
722,224,788,228,787,256,721,252
787,222,843,222,843,260,787,260
840,222,882,222,882,254,840,254
879,222,962,222,962,254,879,254
959,227,1009,227,1009,260,959,260
;
192,260,242,260,242,281,192,281
242,251,373,251,373,284,242,284
370,254,408,254,408,281,370,281
405,254,464,254,464,284,405,284
467,263,482,263,482,290,467,290
479,254,518,254,518,284,479,284
518,260,601,260,601,290,518,290
598,254,630,254,630,284,598,284
627,254,666,254,666,287,627,287
666,257,766,257,766,287,666,287
768,259,938,253,939,290,769,296
938,269,956,269,956,290,938,290
957,266,1009,262,1012,293,960,297
;
192,287,266,287,266,316,192,316
263,285,327,289,325,320,262,316
393,290,423,290,423,316,393,316
560,290,652,295,651,324,558,319
;
328,296,393,296,393,316,328,316
429,296,547,296,547,319,429,319
666,293,766,293,766,325,666,325
772,299,784,299,784,319,772,319
781,296,888,296,888,325,781,325
897,296,926,296,926,322,897,322
925,291,1012,300,1008,334,921,325
;
189,322,284,322,284,352,189,352
281,322,313,322,313,352,281,352
313,328,364,328,364,352,313,352
367,331,381,331,381,352,367,352
379,322,408,322,408,352,379,352
407,328,484,324,486,358,408,361
482,325,565,325,565,355,482,355
562,331,612,331,612,364,562,364
609,325,648,325,648,355,609,355
642,329,840,324,841,358,642,363
840,334,974,334,974,367,840,367
977,337,1006,337,1006,358,977,358
;
266,358,376,358,376,387,266,387
373,358,399,358,399,387,373,387
400,356,521,360,520,391,399,387
;
551,358,628,372,622,406,545,392
619,359,735,364,734,395,617,390
;
189,361,260,361,260,387,189,387
518,361,547,361,547,390,518,390
740,373,755,373,755,393,740,393
755,361,846,373,842,405,751,392
843,376,888,376,888,393,843,393
889,365,967,372,964,400,886,393
968,376,1009,376,1009,396,968,396
;
192,394,264,398,263,424,191,420
263,402,275,402,275,420,263,420
281,399,343,399,343,423,281,423
336,400,418,389,423,422,340,434
417,393,524,393,524,432,417,432
524,396,553,396,553,426,524,426
553,396,595,396,595,426,553,426
592,397,708,401,707,430,591,426
707,399,867,399,867,429,707,429
870,402,897,402,897,432,870,432
897,399,1006,399,1006,429,897,429
;
189,426,230,426,230,455,189,455
230,426,257,426,257,455,230,455
260,424,345,432,342,465,257,457
;
788,430,902,441,898,478,784,466
;
373,432,381,432,381,455,373,455
;
343,435,373,435,373,458,343,458
381,435,432,435,432,464,381,464
432,435,532,435,532,461,432,461
541,438,695,434,696,466,542,470
695,441,787,441,787,464,695,464
911,438,983,438,983,473,911,473
;
192,470,254,470,254,491,192,491
254,465,391,471,390,496,253,491
390,464,432,464,432,494,390,494
429,464,485,464,485,494,429,494
482,467,535,467,535,494,482,494
565,474,647,465,650,497,568,505
648,464,695,464,695,497,648,497
692,467,722,467,722,497,692,497
722,467,840,467,840,506,722,506
846,470,885,470,885,500,846,500
885,470,1006,470,1006,500,885,500
;
186,497,227,497,227,527,186,527
231,500,348,493,350,526,233,534
352,506,429,506,429,530,352,530
429,509,470,509,470,530,429,530
467,500,509,500,509,530,467,530
506,509,532,509,532,532,506,532
535,512,678,512,678,535,535,535
684,500,812,507,811,539,682,532
811,503,953,503,953,535,811,535
953,503,1009,503,1009,535,953,535
;
193,533,260,540,257,566,190,559
254,532,352,532,352,562,254,562
349,532,390,532,390,562,349,562
393,544,467,544,467,565,393,565
467,534,576,543,573,573,465,565
574,535,627,535,627,568,574,568
627,535,689,535,689,568,627,568
686,538,719,538,719,568,686,568
719,538,755,538,755,568,719,568
755,538,882,538,882,571,755,571
888,541,956,541,956,571,888,571
953,541,1009,541,1009,571,953,571
;
186,565,222,565,222,595,186,595
222,565,260,565,260,598,222,598
263,574,307,574,307,598,263,598
310,577,322,577,322,595,310,595
328,577,373,577,373,598,328,598
373,568,438,568,438,598,373,598
438,571,500,571,500,601,438,601
500,577,512,577,512,598,500,598
509,571,606,571,606,606,509,606
604,574,713,574,713,604,604,604
713,574,749,574,749,604,713,604
752,583,763,583,763,601,752,601
766,580,840,580,840,606,766,606
846,577,950,577,950,606,846,606
;
959,586,1012,586,1012,606,959,606
;
186,604,269,604,269,630,186,630
264,601,374,607,372,642,262,636
373,612,405,612,405,633,373,633
402,604,444,604,444,633,402,633
441,604,503,604,503,636,441,636
500,606,550,606,550,636,500,636
556,606,586,606,586,636,556,636
586,606,609,606,609,636,586,636
612,606,755,606,755,639,612,639
752,609,778,609,778,639,752,639
778,609,843,609,843,639,778,639
843,609,917,609,917,648,843,648
918,608,1010,611,1009,643,917,639
;
186,636,230,636,230,666,186,666
230,636,263,636,263,666,230,666
260,640,339,633,342,666,263,673
346,639,373,639,373,669,346,669
376,639,488,639,488,669,376,669
485,642,547,642,547,672,485,672
544,642,621,642,621,672,544,672
625,640,764,646,763,678,623,672
760,645,787,645,787,675,760,675
787,645,876,645,876,675,787,675
893,650,1009,647,1010,674,894,678
;
186,672,216,672,216,698,186,698
213,672,269,672,269,701,213,701
266,672,302,672,302,701,266,701
299,675,358,675,358,704,299,704
361,683,390,683,390,704,361,704
390,674,498,678,497,711,389,707
500,678,606,678,606,707,500,707
613,679,694,684,692,712,611,707
693,683,798,675,800,710,696,717
799,681,870,681,870,710,799,710
870,681,900,681,900,710,870,710
911,681,1009,681,1009,713,911,713
;
186,707,260,707,260,737,186,737
275,707,331,707,331,737,275,737
;
260,716,275,716,275,737,260,737
334,719,381,719,381,740,334,740
381,719,450,719,450,740,381,740
450,722,491,722,491,749,450,749
488,713,515,713,515,740,488,740
521,713,538,713,538,740,521,740
538,713,657,713,657,743,538,743
660,719,725,719,725,746,660,746
725,716,758,716,758,746,725,746
754,720,851,709,855,745,758,757
858,716,891,716,891,746,858,746
892,722,1006,714,1008,746,894,754
;
183,743,269,743,269,775,183,775
269,752,284,752,284,772,269,772
284,740,409,743,408,776,283,772
408,755,423,755,423,775,408,775
423,746,450,746,450,775,423,775
450,746,515,746,515,775,450,775
518,755,562,755,562,775,518,775
560,745,644,754,641,786,557,778
642,749,672,749,672,778,642,778
672,749,713,749,713,778,672,778
832,752,879,752,879,781,832,781
876,752,971,752,971,781,876,781
968,752,1012,752,1012,781,968,781
;
716,760,829,760,829,784,716,784
;
183,778,278,778,278,808,183,808
278,778,313,778,313,808,278,808
313,778,393,778,393,808,313,808
393,778,432,778,432,808,393,808
435,781,518,781,518,811,435,811
518,787,586,787,586,820,518,820
589,784,618,784,618,814,589,814
618,784,654,784,654,814,618,814
651,784,716,784,716,820,651,820
713,784,755,784,755,814,713,814
755,787,781,787,781,817,755,817
784,787,826,787,826,817,784,817
823,784,867,784,867,817,823,817
885,796,903,796,903,817,885,817
903,787,1009,787,1009,817,903,817
;
184,820,233,815,236,843,187,848
230,811,260,811,260,840,230,840
260,814,302,814,302,843,260,843
299,814,343,814,343,843,299,843
342,820,473,816,474,849,343,853
473,823,506,823,506,846,473,846
503,817,532,817,532,846,503,846
534,814,587,823,582,855,529,846
586,829,621,829,621,849,586,849
624,829,663,829,663,849,624,849
661,816,775,827,772,860,658,849
820,823,873,823,873,852,820,852
873,823,906,823,906,852,873,852
906,826,974,826,974,852,906,852
;
769,829,820,829,820,858,769,858
988,834,1006,834,1006,858,988,858
;
180,846,334,846,334,882,180,882
334,855,390,855,390,885,334,885
387,855,438,855,438,885,387,885
435,849,476,849,476,882,435,882
476,852,553,852,553,882,476,882
553,852,595,852,595,882,553,882
592,855,669,855,669,885,592,885
666,858,719,858,719,885,666,885
716,861,752,861,752,888,716,888
799,858,879,858,879,888,799,888
941,858,1006,858,1006,888,941,888
;
749,861,799,861,799,894,749,894
879,864,926,864,926,894,879,894
929,867,941,867,941,885,929,885
;
183,891,201,891,201,917,183,917
201,882,242,882,242,911,201,911
239,882,331,882,331,914,239,914
334,894,346,894,346,911,334,911
349,886,421,890,420,918,348,914
417,885,450,885,450,917,417,917
448,891,594,885,595,917,450,924
589,891,618,891,618,920,589,920
618,891,642,891,642,917,618,917
639,888,722,888,722,926,639,926
725,897,808,897,808,932,725,932
805,897,922,886,925,923,808,934
922,900,1006,895,1008,926,924,930
;
186,926,210,926,210,944,186,944
210,917,260,917,260,944,210,944
260,920,278,920,278,947,260,947
272,920,352,920,352,953,272,953
352,920,384,920,384,950,352,950
379,926,460,918,463,949,382,958
461,920,497,920,497,950,461,950
577,926,633,926,633,953,577,953
627,926,722,926,722,962,627,962
903,926,935,926,935,959,903,959
;
965,926,1013,940,1003,972,955,958
;
497,929,574,929,574,953,497,953
725,932,772,932,772,962,725,962
772,929,903,929,903,959,772,959
935,929,962,929,962,959,935,959
;
183,953,216,953,216,980,183,980
219,953,316,953,316,985,219,985
325,953,349,953,349,983,325,983
349,953,376,953,376,983,349,983
373,959,435,959,435,988,373,988
432,956,467,956,467,985,432,985
467,959,541,959,541,985,467,985
538,956,577,956,577,988,538,988
574,959,681,959,681,988,574,988
675,959,716,959,716,988,675,988
;
713,965,790,965,790,991,713,991
787,962,876,962,876,991,787,991
875,964,1009,960,1010,994,876,998
;
183,986,296,990,295,1019,182,1015
293,985,325,985,325,1018,293,1018
399,988,550,988,550,1021,399,1021
;
322,991,402,991,402,1021,322,1021
547,991,595,991,595,1021,547,1021
598,994,624,994,624,1024,598,1024
627,994,648,994,648,1024,627,1024
645,994,686,994,686,1024,645,1024
683,994,746,994,746,1024,683,1024
743,993,795,998,793,1029,741,1024
799,994,876,994,876,1027,799,1027
883,990,990,998,988,1034,880,1026
988,1009,1006,1009,1006,1027,988,1027
;
180,1017,285,1022,283,1054,179,1049
284,1024,310,1024,310,1051,284,1051
307,1021,376,1021,376,1057,307,1057
376,1024,405,1024,405,1054,376,1054
405,1023,536,1028,535,1060,404,1056
;
538,1027,601,1027,601,1057,538,1057
598,1027,636,1027,636,1060,598,1060
634,1036,740,1029,742,1059,636,1066
740,1026,822,1034,819,1067,737,1059
823,1036,837,1036,837,1060,823,1060
838,1031,942,1034,941,1066,837,1062
944,1033,1006,1033,1006,1065,944,1065
;
180,1057,260,1057,260,1086,180,1086
257,1057,334,1057,334,1086,257,1086
334,1055,513,1066,511,1097,333,1087
512,1062,544,1062,544,1092,512,1092
538,1062,568,1062,568,1092,538,1092
568,1065,784,1065,784,1101,568,1101
784,1071,820,1071,820,1098,784,1098
820,1068,891,1068,891,1098,820,1098
897,1071,944,1071,944,1098,897,1098
;
941,1074,1006,1074,1006,1107,941,1107
;
468,1091,620,1101,618,1139,466,1129
;
195,1092,287,1092,287,1122,195,1122
287,1101,319,1101,319,1122,287,1122
319,1095,346,1095,346,1125,319,1125
346,1098,393,1098,393,1125,346,1125
399,1095,473,1095,473,1131,399,1131
622,1098,714,1102,713,1134,620,1130
796,1101,861,1101,861,1131,796,1131
876,1101,980,1101,980,1134,876,1134
977,1104,1009,1104,1009,1134,977,1134
;
719,1110,731,1110,731,1134,719,1134
734,1110,796,1110,796,1131,734,1131
;
180,1128,248,1128,248,1157,180,1157
343,1131,402,1131,402,1160,343,1160
399,1131,470,1131,470,1160,399,1160
;
251,1134,343,1134,343,1157,251,1157
467,1137,530,1137,530,1172,467,1172
530,1134,589,1134,589,1163,530,1163
586,1134,621,1134,621,1163,586,1163
622,1134,703,1142,701,1170,619,1163
699,1138,804,1131,806,1166,701,1173
817,1139,843,1139,843,1166,817,1166
849,1137,1003,1137,1003,1169,849,1169
;
180,1160,254,1160,254,1193,180,1193
254,1169,269,1169,269,1190,254,1190
266,1163,307,1163,307,1193,266,1193
304,1163,367,1163,367,1199,304,1199
370,1163,417,1163,417,1196,370,1196
417,1166,515,1166,515,1205,417,1205
515,1178,530,1178,530,1196,515,1196
525,1167,579,1172,576,1200,522,1195
580,1178,604,1178,604,1199,580,1199
601,1167,691,1172,689,1204,599,1199
689,1172,858,1172,858,1208,689,1208
873,1172,1003,1172,1003,1205,873,1205
;
178,1190,333,1202,331,1237,175,1225
407,1204,512,1200,513,1231,408,1235
;
334,1205,411,1205,411,1237,334,1237
512,1211,577,1211,577,1243,512,1243
572,1208,671,1201,673,1237,575,1244
670,1213,736,1209,738,1237,672,1241
734,1208,840,1208,840,1237,734,1237
843,1211,870,1211,870,1237,843,1237
873,1207,1007,1211,1006,1243,872,1239
;
178,1232,288,1236,287,1265,177,1261
281,1235,391,1240,390,1272,280,1267
397,1229,558,1244,555,1279,394,1263
556,1246,604,1246,604,1276,556,1276
604,1240,704,1240,704,1273,604,1273
704,1243,826,1243,826,1273,704,1273
829,1243,885,1243,885,1273,829,1273
885,1243,941,1243,941,1276,885,1276
941,1246,1006,1246,1006,1276,941,1276
;
177,1270,227,1270,227,1302,177,1302
227,1267,328,1267,328,1299,227,1299
348,1277,446,1273,447,1302,349,1306
500,1273,618,1273,618,1305,500,1305
;
618,1276,648,1276,648,1305,618,1305
648,1276,672,1276,672,1305,648,1305
669,1282,762,1273,766,1307,673,1316
904,1285,1005,1277,1008,1311,907,1319
;
328,1279,340,1279,340,1296,328,1296
444,1279,491,1279,491,1308,444,1308
763,1279,814,1279,814,1308,763,1308
820,1279,906,1279,906,1317,820,1317
;
180,1311,213,1311,213,1329,180,1329
216,1305,236,1305,236,1332,216,1332
236,1302,346,1302,346,1335,236,1335
346,1305,376,1305,376,1335,346,1335
376,1304,492,1312,491,1342,374,1335
485,1308,515,1308,515,1338,485,1338
515,1306,661,1313,659,1345,514,1338
657,1311,683,1311,683,1341,657,1341
680,1318,757,1310,761,1343,684,1351
758,1320,772,1320,772,1344,758,1344
772,1317,852,1317,852,1344,772,1344
863,1321,979,1317,980,1347,864,1350
977,1317,1006,1317,1006,1347,977,1347
;
174,1335,278,1335,278,1367,174,1367
388,1338,486,1344,484,1376,386,1370
483,1350,611,1339,614,1375,486,1385
609,1347,689,1347,689,1379,609,1379
716,1347,811,1347,811,1379,716,1379
;
891,1348,977,1358,973,1390,888,1380
;
278,1350,325,1350,325,1370,278,1370
328,1350,387,1350,387,1376,328,1376
698,1359,716,1359,716,1382,698,1382
811,1350,846,1350,846,1379,811,1379
843,1350,888,1350,888,1379,843,1379
;
988,1362,1006,1362,1006,1388,988,1388
;
316,1373,361,1373,361,1403,316,1403
;
180,1382,242,1382,242,1403,180,1403
242,1379,316,1379,316,1406,242,1406
358,1379,468,1382,467,1414,357,1410
467,1384,659,1377,661,1412,468,1418
660,1388,707,1388,707,1412,660,1412
704,1380,790,1389,786,1421,701,1412
790,1391,870,1391,870,1415,790,1415
865,1384,989,1387,988,1421,864,1418
;
991,1397,1009,1397,1009,1424,991,1424
;
176,1400,289,1409,287,1443,173,1434
284,1415,343,1415,343,1444,284,1444
346,1408,442,1413,440,1450,344,1445
440,1416,553,1413,554,1444,441,1448
552,1419,704,1412,705,1444,553,1451
;
701,1424,734,1424,734,1447,701,1447
734,1418,763,1418,763,1447,734,1447
765,1416,851,1426,848,1456,761,1447
855,1427,900,1427,900,1447,855,1447
897,1418,962,1418,962,1450,897,1450
959,1421,1009,1421,1009,1450,959,1450
;
174,1441,433,1452,431,1486,173,1474
429,1453,464,1453,464,1477,429,1477
461,1447,491,1447,491,1477,461,1477
491,1453,547,1453,547,1477,491,1477
547,1450,645,1450,645,1480,547,1480
666,1450,758,1450,758,1486,666,1486
837,1453,900,1453,900,1486,837,1486
900,1456,929,1456,929,1486,900,1486
929,1456,971,1456,971,1486,929,1486
;
651,1462,669,1462,669,1483,651,1483
758,1462,775,1462,775,1483,758,1483
781,1462,832,1462,832,1483,781,1483
977,1465,1012,1465,1012,1486,977,1486
;
172,1474,300,1478,299,1513,171,1509
302,1486,319,1486,319,1510,302,1510
317,1479,421,1485,419,1515,315,1508
414,1480,467,1480,467,1510,414,1510
464,1483,494,1483,494,1513,464,1513
550,1486,583,1486,583,1513,550,1513
580,1486,621,1486,621,1516,580,1516
;
488,1489,553,1489,553,1521,488,1521
622,1493,747,1498,745,1525,621,1520
746,1487,833,1492,831,1524,744,1518
834,1495,867,1495,867,1518,834,1518
867,1489,906,1489,906,1518,867,1518
906,1492,968,1492,968,1521,906,1521
968,1489,1012,1489,1012,1521,968,1521
;
192,1514,277,1521,275,1546,190,1539
299,1521,331,1521,331,1542,299,1542
328,1513,367,1513,367,1542,328,1542
429,1516,470,1516,470,1545,429,1545
470,1517,549,1523,547,1552,468,1547
;
281,1524,302,1524,302,1548,281,1548
367,1524,429,1524,429,1545,367,1545
542,1528,594,1523,597,1553,545,1559
595,1524,728,1524,728,1554,595,1554
725,1522,824,1527,822,1562,723,1557
840,1527,932,1527,932,1554,840,1554
932,1527,971,1527,971,1557,932,1557
977,1536,1009,1536,1009,1557,977,1557
;
171,1548,201,1548,201,1575,171,1575
195,1548,263,1548,263,1578,195,1578
263,1554,310,1554,310,1584,263,1584
307,1548,346,1548,346,1581,307,1581
;
343,1557,435,1557,435,1590,343,1590
438,1554,535,1554,535,1595,438,1595
535,1563,553,1563,553,1592,535,1592
550,1563,681,1563,681,1592,550,1592
683,1569,743,1569,743,1592,683,1592
740,1566,814,1566,814,1590,740,1590
814,1566,861,1566,861,1598,814,1598
861,1560,935,1560,935,1592,861,1592
935,1560,980,1560,980,1592,935,1592
980,1560,1009,1560,1009,1592,980,1592
;
171,1601,219,1601,219,1622,171,1622
682,1596,724,1602,721,1627,679,1622
926,1595,1003,1595,1003,1628,926,1628
;
420,1859,441,1859,441,1880,420,1880
;
